20	-0.8971234493355075
20.290906698750476	-0.9090537988591715
20.586044732869844	-0.9210538937685009
20.885475648548283	-0.9331843870140308
21.189261887185914	-0.9454915809539568
21.49746679841394	-0.9580097059854322
21.810154653305165	-0.9707643263842545
22.12739065777668	-0.9837753121253088
22.449240966187475	-0.9970590770152106
22.77577269513385	-1.0106303463059063
23.107053937445478	-1.0245030214156794
23.44315377638505	-1.0386902693300488
23.784142300054445	-1.0532045244134687
24.130090616010463	-1.068056412581955
24.481070866093134	-1.083253848274073
24.837156241469714	-1.0988017179534475
25.1984209978975	-1.1147020062824309
25.56494047120865	-1.1309540831983595
25.936791093020236	-1.1475557155518272
26.3140504066728	-1.1645036809745317
26.69679708340074	-1.1817945515484864
27.08511093873791	-1.1994252285553144
27.47907294916184	-1.2173928086413044
27.878765268980047	-1.2356946343677326
28.284271247461966	-1.2543282508485887
28.695675446220072	-1.273291131241875
29.11306365684382	-1.292580175146842
29.536522918790062	-1.312191127200876
29.966141537533712	-1.3321184937957415
30.402009102982383	-1.3523556804016041
30.844216508158908	-1.3728942116463947
31.29285596815558	-1.3937236219282303
31.74802103936409	-1.414831454409824
32.20980663898519	-1.4362032392647315
32.67830906482211	-1.4578229013653328
33.153626015361866	-1.479673182142919
33.63585661014871	-1.5017360960883201
34.125101410453844	-1.5239938810251346
34.62146244024586	-1.546430028382759
35.12504320746613	-1.5690301226378076
35.635948725613716	-1.591782216177673
36.15428553564419	-1.614677642043651
36.68016172818701	-1.637711841041737
37.21368696608603	-1.6608846256953997
37.754972507267915	-1.684200336270242
38.30413122794313	-1.7076678961863307
38.86127764614443	-1.7313004723900716
39.4265279456077	-1.755115491163667
40.000000000000206	-1.7791342557571452
40.58181339750116	-1.8033814613562804
41.1720894657399	-1.8278847503297768
41.77095129709678	-1.8526742980123596
42.37852377437204	-1.8777824170236765
42.9949335968281	-1.9032431662376255
43.62030930661056	-1.9290919489660048
44.25478131555359	-1.955364927934666
44.89848193237519	-1.982097927411814
45.55154539026795	-2.009325737436292
46.21410787489121	-2.0370816512153325
46.88630755277036	-2.0653975395157516
47.56828460010916	-2.0943038213454304
48.260181232021196	-2.123828843735585
48.962141732186545	-2.153998613592011
49.674312482939705	-2.1848367195365026
50.39684199579528	-2.216364766497883
51.129880942417586	-2.2486028436678236
51.873582186040764	-2.2815698673662004
52.628100813345895	-2.3152839670123155
53.393594166801776	-2.3497634150518074
54.17022187747612	-2.3850274547808263
54.95814589832399	-2.421096537837314
55.75753053796041	-2.4579928059674354
56.56854249492426	-2.49573998875795
57.39135089244048	-2.534363054956104
58.226127313687975	-2.573887788596899
59.073045837580466	-2.6143402941132745
59.932283075067765	-2.655746434094706
60.804018205965114	-2.6981312032340856
61.68843301631817	-2.7415180423306404
62.58571193631152	-2.785928097066507
63.49604207872855	-2.8313796044798267
64.41961327797075	-2.8778879477962276
65.35661812964459	-2.925465868668177
66.3072520307241	-2.9741234955637745
67.27171322029778	-3.023867661474397
68.25020282090806	-3.0747012418038646
69.2429248804921	-3.1266232591996057
70.25008641493265	-3.179629055485603
71.27189745122783	-3.23371000543817
72.30857107128878	-3.288853904726638
73.36032345637442	-3.3450455077565944
74.42737393217246	-3.4022666854650216
75.50994501453623	-3.4604971713660144
76.60826245588666	-3.5197149799127656
77.72255529228926	-3.5798969045792166
78.85305589121582	-3.6410191192178756
80.00000000000082	-3.7030575188114123
81.16362679500274	-3.765988594344886
82.34417893148023	-3.829789481423614
83.541902594194	-3.894438567625273
84.75704754874454	-3.9599158638375673
85.98986719365665	-4.026203329814856
87.24061861322157	-4.093284728498912
88.50956263110764	-4.161145383888876
89.79696386475084	-4.229771391915297
91.10309078053635	-4.299148856645718
92.42821574978288	-4.369263098889781
93.77261510554118	-4.440097358972902
95.13656920021877	-4.511632201907807
96.52036246404286	-4.583845359132069
97.92428346437356	-4.656712383761064
99.34862496587989	-4.730207410309254
100.79368399159105	-4.804303952627321
102.25976188483567	-4.8789761075590885
103.74716437208203	-4.954198974767888
105.25620162669229	-5.029948867623084
106.78718833360406	-5.106201625055237
108.34044375495276	-5.1829307327892575
109.9162917966485	-5.260105154081359
111.51506107592134	-5.337687716873944
113.13708498984903	-5.415634694637453
114.78270178488147	-5.493895107601402
116.45225462737648	-5.572410162316141
118.14609167516147	-5.651112781287404
119.86456615013608	-5.729926458073116
121.60803641193078	-5.808764149031389
123.3768660326369	-5.887527454263206
125.17142387262359	-5.966106121398701
126.99208415745765	-6.044377930993498
128.83922655594208	-6.122209309672166
130.71323625928977	-6.199457571408214
132.61450406144883	-6.27597417244906
134.5434264405962	-6.3516083630609
136.50040564181674	-6.426209816554013
138.48584976098482	-6.499631743597611
140.50017282986593	-6.571734148108122
142.5437949024563	-6.642386595893745
144.61714214257822	-6.711469292107367
146.7206469127495	-6.778874860068027
148.8547478643456	-6.844509594381636
151.01989002907314	-6.908294064388894
153.216524911774	-6.970164073358343
155.4451105845792	-7.0300715378436305
157.70611178243232	-7.087986000167697
160.00000000000236	-7.143895687308538
162.3272535900062	-7.197807275816537
164.6883578629612	-7.249746208339081
167.08380518838874	-7.2997569715264286
169.51409509748981	-7.347902694618966
171.97973438731407	-7.394263053876985
174.4812372264439	-7.438931639599077
177.01912526221608	-7.482013952256403
179.5939277295025	-7.5236249299743845
182.20618156107355	-7.563885844581812
184.85643149956664	-7.602921035271148
187.54523021108326	-7.640852937746981
190.27313840043846	-7.677798252972988
193.04072492808663	-7.713864746218966
195.84856692874806	-7.749147815091171
198.69724993176072	-7.783725951819928
201.58736798318304	-7.817657448767047
204.5195237696723	-7.850978641156973
207.49432874416505	-7.883702205853954
210.5124032533856	-7.915815513843847
213.57437666720915	-7.947280590749193
216.68088750990657	-7.978036219679107
219.83258359329807	-8.008001634934608
223.03012215184378	-8.037079727780535
226.2741699796992	-8.065161591106751
229.5654035697641	-8.092130730965286
232.90450925475412	-8.117867671033201
236.2921833503241	-8.14225448594023
239.72913230027333	-8.165180030508466
243.21607282386276	-8.186543703389617
246.75373206527502	-8.20625889815779
250.34284774524843	-8.22425643423167
253.9841683149166	-8.240486930620994
257.67845311188546	-8.254923210275956
261.42647251858085	-8.267562014563191
265.22900812289896	-8.278425576158275
269.08685288119375	-8.287560309144515
273.0008112836349	-8.295033916544657
276.97169952197106	-8.30093266436905
281.00034565973334	-8.305357218031368
285.0875898049141	-8.308417284431037
289.23428428515797	-8.310228236161095
293.44129382550057	-8.310909001152249
297.7094957286928	-8.310581462976831
302.0397800581479	-8.309367985525489
306.4330498235497	-8.30738770371478
310.89022116916016	-8.304752242164373
315.41222356486645	-8.301563207609684
320.00000000000654	-8.297912827943007
324.6545071800142	-8.293884783578774
329.3767157259242	-8.289557222212215
334.16761037677935	-8.285004909605977
339.02819019498156	-8.280301414130003
343.95946877463007	-8.275521670003398
348.9624744528898	-8.270744694891787
354.03825052443415	-8.266056216674173
359.187855459007	-8.261551561992393
364.4123631221491	-8.257339115973474
369.71286299913527	-8.253539593577212
375.0904604221685	-8.250287009333746
380.54627680087896	-8.247726999616564
386.08144985617537	-8.246015229708668
391.6971338574982	-8.245315965195068
397.3944998635236	-8.245798133987433
403.1747359663683	-8.247630203052147
409.0390475393468	-8.250973815663087
414.9886574883323	-8.255976157981218
421.0248065067734	-8.262763244320276
427.1487533344206	-8.271433507434356
433.3617750198154	-8.28204966763792
439.6651671865984	-8.294633772275306
446.06024430368984	-8.309166034543537
452.54833995940066	-8.32558519599277
459.13080713953053	-8.343792215837535
465.8090185095106	-8.363655283839709
472.58436670065066	-8.385016753167237
479.45826460054917	-8.40770443628893
486.432145647728	-8.431543113154927
493.50746413055253	-8.456368950291447
500.6856954904994	-8.482046060324773
507.9683366298358	-8.50847620765868
515.3569062237735	-8.535603022031117
522.8529450371643	-8.563411913439722
530.4580162458005	-8.591925794167425
538.1737057623901	-8.621197476545714
546.0016225672724	-8.651302413589555
553.9433990439449	-8.682332490283382
562.0006913194694	-8.714389431983635
570.1751796098309	-8.747575203694561
578.4685685703187	-8.78198390123946
586.8825876510039	-8.817691354575773
595.4189914573883	-8.854749399493237
604.0795601162986	-8.893176727900912
612.8660996471021	-8.932951554944358
621.780442338323	-8.974007192274472
630.8244471297356	-9.016227336805118
640.0000000000159	-9.059443960085432
649.3090143600314	-9.103437608147
658.7534314518515	-9.147948991774959
668.3352207535618	-9.19269769007737
678.0563803899662	-9.237396190297602
687.9189375492632	-9.281765166743883
697.9249489057827	-9.325545620857547
708.0765010488715	-9.368511364331454
718.3757109180171	-9.410479799277747
728.8247262443015	-9.451319960581536
739.425725998274	-9.490953443015973
750.1809208443404	-9.529349013195802
761.0925536017613	-9.566515735646545
772.1628997123541	-9.60249020761542
783.3942677149998	-9.637315971628585
794.7889997270506	-9.67101272484507
806.34947193274	-9.703534503923656
818.0780950786972	-9.734740947098858
829.9773149766683	-9.76438957998016
842.0496130135506	-9.792148358070973
854.2975066688449	-9.817616396021977
866.7235500396347	-9.840344406710754
879.3303343732008	-9.859850084800929
892.1204886073838	-9.87562938146685
905.0966799188055	-9.887161291192479
918.2616142790653	-9.893909699297833
931.6180370190256	-9.89532828254342
945.1687334013056	-9.890873067839408
958.9165292011028	-9.880021605052892
972.8642912954606	-9.862303901565124
987.0149282611097	-9.83735028516067
1001.3713909810035	-9.804950061179833
1015.9366732596762	-9.765101795975283
1030.7138124475518	-9.718032378280046
1045.7058900743334	-9.664173697078915
1060.916032491606	-9.604110151978219
1076.3474115247852	-9.538513350068909
1092.0032451345498	-9.468094210408001
1107.8867980878947	-9.393568545511421
1124.0013826389438	-9.315644230327186
1140.350359219667	-9.235022553826536
1156.9371371406426	-9.15239521673038
1173.765175302013	-9.06843906723873
1190.837982914782	-8.983816270806223
1208.1591202326028	-8.899157131313407
1225.73219929421	-8.81503056341611
1243.5608846766518	-8.731899108681825
1261.648894259477	-8.650068848224036
1280.0000000000375	-8.569666057507545
1298.6180287200684	-8.49064603814043
1317.5068629037087	-8.412827122709109
1336.6704415071292	-8.335929003196018
1356.112760779938	-8.259619232068838
1375.8378750985323	-8.18354602500702
1395.8498978115715	-8.107349428507614
1416.153002097749	-8.030678921312541
1436.7514218360407	-7.9532106036735115
1457.6494524886093	-7.874641514547534
1478.8514519965543	-7.794675088413033
1500.3618416886875	-7.713012450805613
1522.1851072035295	-7.629361100799898
1544.3257994247153	-7.543427844771812
1566.788535430007	-7.4549113579059325
1589.5779994541087	-7.363514921599034
1612.6989438654878	-7.268957341963266
1636.156190157402	-7.170976363048737
1659.9546299533442	-7.069317979280517
1684.099226027109	-6.963727837837639
1708.5950133376978	-6.8539375685921
1733.4471000792773	-6.739643399855557
1758.6606687464096	-6.620474872636285
1784.2409772147755	-6.495978198288597
1810.193359837619	-6.365562714499787
1836.5232285581387	-6.228445800026442
1863.2360740380593	-6.08362186731355
1890.3374668026197	-5.929861517741313
1917.833058402214	-5.76576101902885
1945.7285825909298	-5.5898541649634295
1974.0298565222283	-5.400854855633578
2002.7427819620161	-5.197985216439783
2031.8733465193618	-4.981285888870256
2061.4276248951132	-4.751701942423229
2091.411780148677	-4.510906419026885
2121.832064983222	-4.260986773905117
2152.694823049581	-4.004151396349498
2184.0064902691106	-3.7425442330953564
2215.7735961758003	-3.4781750876734985
2248.002765277899	-3.2129295000871103
2280.7007184393456	-2.948616086470726
2313.874274281297	-2.687018884610013
2347.530350604038	-2.429956117648348
2381.6759658295764	-2.179338761320554
2416.318240465218	-1.937167599165298
2451.4643985884327	-1.7054328070767002
2487.1217693533167	-1.485873420380989
2523.2977885189675	-1.279731675570931
2560.0000000000887	-1.087606801277361
2597.236057440151	-0.9094924656843015
2635.0137258074315	-0.7449844945539978
2673.340883014273	-0.5935544259161776
2712.225521559891	-0.4547558536066572
2751.6757501970797	-0.32832547211027896
2791.699795623158	-0.2142335603608438
2832.3060041955137	-0.1127086690510665
2873.502843672097	-0.024260562509569733
2915.2989049772345	0.050243163686808284
2957.7029039931244	0.10953242980312702
3000.723683377391	0.15190140797008092
3044.370214407075	0.17523767580904315
3088.6515988494466	0.17729764987503596
3133.57707086003	0.15619650403019708
3179.1559989082334	0.11105634521579755
3225.3978877309914	0.04249306358534988
3272.3123803148205	-0.04745082502443512
3319.9092599067053	-0.1558244558343987
3368.198452054235	-0.27949804294690894
3417.190026675413	-0.41567727386857284
3466.8942001585724	-0.5620740938213239
3517.3213374928373	-0.7169061979440235
3568.4819544295697	-0.8788283978263605
3620.386719675257	-1.0467494867532083
3673.0464571162966	-1.2196249898132336
3726.472148076138	-1.396294870630212
3780.6749336052594	-1.575280385295028
3835.6661168044484	-1.7546633348852785
3891.45716518188	-1.9320967509237772
3948.059713044477	-2.1050760773642043
4005.4855639240527	-2.271399073387643
4063.746693038744	-2.429750370023245
4122.855249790247	-2.580011527419085
4182.823560297375	-2.7230017215940903
4243.664129966465	-2.859924922346224
4305.389646099183	-2.991921218104422
4368.012980538242	-3.1198661119288915
4431.5471923516225	-3.2443414591605118
4496.00553055582	-3.365731309175531
4561.401436878714	-3.4842946967793913
4627.748548562617	-3.6002325021929042
4695.060701208099	-3.7137281379091744
4763.351931659176	-3.8249530111813255
4832.63648093046	-3.9340932541620095
4902.928797176889	-4.041332858985367
4974.243538706657	-4.146955317235522
5046.595577037959	-4.251460434729223
5120.000000000202	-4.355596845635745
5194.472114880326	-4.460266122708087
5270.027451614888	-4.56642365137057
5346.6817660285715	-4.674924656203424
5424.451043119808	-4.7864084699005796
5503.351500394186	-4.901183034848917
5583.399591246343	-5.019249620576632
5664.612008391055	-5.140353766950031
5747.005687344222	-5.2640600447756
5830.597809954497	-5.38954983495153
5915.405807986278	-5.515492527307717
6001.447366754812	-5.639701721124658
6088.740428814181	-5.759037521476566
6177.303197698925	-5.869584818696203
6267.154141720092	-5.967283730905901
6358.3119978165005	-6.049428514115228
6450.795775462017	-6.1159406020031435
6544.624760629676	-6.169327139224068
6639.818519813445	-6.213307197356228
6736.396904108505	-6.251336658038813
6834.380053350861	-6.286000236000782
6933.788400317181	-6.3189380021434935
7034.642674985712	-6.351190922074416
7136.963908859177	-6.383561886844094
7240.773439350552	-6.416878466160388
7346.092914232631	-6.452139138201066
7452.944296152315	-6.4905294631909705
7561.349867210557	-6.534019200849694
7671.332233608935	-6.586111483061676
7782.914330363799	-6.652451435579321
7896.119426088994	-6.7405050135203775
8010.971127848146	-6.857353826728894
8127.49338607753	-7.006524966437065
8245.710499580537	-7.1860901945333
8365.647120594791	-7.390226207998231
8487.328259932974	-7.612461587955783
8610.77929219841	-7.847961293769502
8736.025961076528	-8.094051189886418
8863.094384703289	-8.349443352417252
8992.011061111683	-8.613428309552427
9122.802873757471	-8.885453862187736
9255.497097125279	-9.164961270402985
9390.121402416245	-9.451175335412962
9526.7038633184	-9.742795917930382
9665.272961860968	-10.038121119360918
9805.857594353829	-10.33474323114069
9948.487077413367	-10.629898579219782
10093.19115407597	-10.921537978884784
10240.000000000457	-11.20946474838923
10388.944229760706	-11.494950424637082
10540.05490322983	-11.779800416323557
10693.363532057198	-12.065729222910102
10848.902086239672	-12.354214183294483
11006.703000788428	-12.646480425456643
11166.799182492743	-12.943656167443539
11329.224016782166	-13.246627313253368
11494.0113746885	-13.556455919580628
11661.195619909053	-13.874185139720707
11830.811615972614	-14.199955991598992
12002.894733509682	-14.532632397550028
12177.48085762842	-14.868693467573582
12354.606395397908	-15.201304995667638
12534.308283440243	-15.521096554271669
12716.62399563306	-15.81835992335707
12901.591550924093	-16.086791600083252
13089.249521259411	-16.32345139819144
13279.637039626952	-16.522930634143748
13472.793808217073	-16.678396730607354
13668.760106701786	-16.78738896817614
13867.576800634426	-16.853401259091232
14069.285349971487	-16.88427135477339
14273.927817718419	-16.88961414915341
14481.54687870117	-16.877774308629302
14692.18582846533	-16.85565551198952
14905.888592304698	-16.828334401241214
15122.699734421185	-16.799266445793176
15342.664467217943	-16.772469063944055
15565.828660727671	-16.75480614435896
15792.238852178061	-16.757342332029836
16021.942255696367	-16.793124082467425
16254.986772155136	-16.86914414474963
16491.42099916115	-16.981522811933544
16731.294241189662	-17.11961388301767
16974.65651986603	-17.274262210220723
17221.558584396902	-17.440800805874375
17472.051922153143	-17.617384960395654
17726.188769406665	-17.802555450332957
17984.022122223458	-17.992831925792924
18245.605747515034	-18.181709834891148
18510.99419425065	-18.361415914777883
18780.242804832582	-18.526553111084375
19053.40772663689	-18.679164067249392
19330.545923722028	-18.835563339059124
19611.71518870775	-19.018936136572222
19896.974154826825	-19.198550205044842
20186.382308152035	-19.297377915823777
