20	0.5400737419188677
20.290906698750476	0.5300246004051185
20.586044732869844	0.5199812015496836
20.885475648548283	0.509949410571113
21.189261887185914	0.49993297850700763
21.49746679841394	0.48993188533861765
21.810154653305165	0.47994149791560453
22.12739065777668	0.46995198463828985
22.449240966187475	0.4599484093112325
22.77577269513385	0.4499115125463119
23.107053937445478	0.43981863467738713
23.44315377638505	0.4296446562835539
23.784142300054445	0.4193631147801493
24.130090616010463	0.4089479380348494
24.481070866093134	0.3983752571362029
24.837156241469714	0.38762447787772875
25.1984209978975	0.3766782072180555
25.56494047120865	0.36552203207655765
25.936791093020236	0.3541443039946165
26.3140504066728	0.3425355181247802
26.69679708340074	0.3306877173536503
27.08511093873791	0.318594069660881
27.47907294916184	0.30624862496843536
27.878765268980047	0.2936462567400389
28.284271247461966	0.2807827929162113
28.695675446220072	0.26765534003087615
29.11306365684382	0.25426266078034193
29.536522918790062	0.24060517815384652
29.966141537533712	0.22668503276199892
30.402009102982383	0.2125063345614029
30.844216508158908	0.19807560639164729
31.29285596815558	0.18340227067076664
31.74802103936409	0.16849873925835956
32.20980663898519	0.1533803825201725
32.67830906482211	0.13806507362261358
33.153626015361866	0.12257272525698931
33.63585661014871	0.10692479964565371
34.125101410453844	0.0911433334293954
34.62146244024586	0.07524989138727209
35.12504320746613	0.05926457219373937
35.635948725613716	0.04320504413052392
36.15428553564419	0.02708573770207931
36.68016172818701	0.01091747241299678
37.21368696608603	-0.005293237893475938
37.754972507267915	-0.0215443226153786
38.30413122794313	-0.03783774180913166
38.86127764614443	-0.054179424082101725
39.4265279456077	-0.07057895939827456
40.000000000000206	-0.0870496485298744
40.58181339750116	-0.10360799882116167
41.1720894657399	-0.12027280892630443
41.77095129709678	-0.13706520209807416
42.37852377437204	-0.1540083800601337
42.9949335968281	-0.1711272371968391
43.62030930661056	-0.18844781789695492
44.25478131555359	-0.205996290479807
44.89848193237519	-0.22379835002345272
45.55154539026795	-0.24187872500595775
46.21410787489121	-0.260260617074156
46.88630755277036	-0.2789652172043844
47.56828460010916	-0.2980116022338873
48.260181232021196	-0.31741621146121113
48.962141732186545	-0.33719268983761713
49.674312482939705	-0.3573517751241525
50.39684199579528	-0.37790122920859853
51.129880942417586	-0.39884630117473613
51.873582186040764	-0.4201902448797662
52.628100813345895	-0.44193490094966126
53.393594166801776	-0.4640818468825983
54.17022187747612	-0.48663363863346953
54.95814589832399	-0.5095948250163638
55.75753053796041	-0.5329722428407242
56.56854249492426	-0.5567750965105058
57.39135089244048	-0.5810149949515098
58.226127313687975	-0.6057061220957576
59.073045837580466	-0.6308657149993587
59.932283075067765	-0.6565134845537742
60.804018205965114	-0.6826713427186923
61.68843301631817	-0.7093632609246148
62.58571193631152	-0.7366150818462451
63.49604207872855	-0.7644542750403167
64.41961327797075	-0.7929096245528676
65.35661812964459	-0.8220108343068996
66.3072520307241	-0.8517880349317777
67.27171322029778	-0.8822713549605578
68.25020282090806	-0.913490900086243
69.2429248804921	-0.9454760357236297
70.25008641493265	-0.9782543093399763
71.27189745122783	-1.0118503552266729
72.30857107128878	-1.0462853188289956
73.36032345637442	-1.0815760424384604
74.42737393217246	-1.1177334307879132
75.50994501453623	-1.1547609151485856
76.60826245588666	-1.1926526314520103
77.72255529228926	-1.231393614199345
78.85305589121582	-1.2709612760994122
80.00000000000082	-1.3113274359960467
81.16362679500274	-1.3524597527088051
82.34417893148023	-1.3943233696929358
83.541902594194	-1.4368820058875311
84.75704754874454	-1.4800993124293478
85.98986719365665	-1.5239395148928887
87.24061861322157	-1.5683677599524657
88.50956263110764	-1.6133503840438554
89.79696386475084	-1.6588551181684803
91.10309078053635	-1.704851238481905
92.42821574978288	-1.7513096674515365
93.77261510554118	-1.7982030252144277
95.13656920021877	-1.845505409835404
96.52036246404286	-1.8931914624742805
97.92428346437356	-1.9412357696626108
99.34862496587989	-1.9896117164788962
100.79368399159105	-2.0382908622919085
102.25976188483567	-2.087242381353208
103.74716437208203	-2.1364323256979185
105.25620162669229	-2.185822914517824
106.78718833360406	-2.2353725175311885
108.34044375495276	-2.285035644222584
109.9162917966485	-2.334762700771055
111.51506107592134	-2.3844997429566965
113.13708498984903	-2.4341889372435603
114.78270178488147	-2.4837692825929576
116.45225462737648	-2.5331778571485204
118.14609167516147	-2.582350414586576
119.86456615013608	-2.631222572095282
121.60803641193078	-2.6797311410449325
123.3768660326369	-2.727815394611873
125.17142387262359	-2.775418310459396
126.99208415745765	-2.822487827938027
128.83922655594208	-2.8689781588240417
130.71323625928977	-2.914850925842219
132.61450406144883	-2.9600751035711026
134.5434264405962	-3.0046257545123223
136.50040564181674	-3.0484826118228225
138.48584976098482	-3.0916287831539853
140.50017282986593	-3.1340493114720225
142.5437949024563	-3.1757290492876327
144.61714214257822	-3.216651506864903
146.7206469127495	-3.2567978639366206
148.8547478643456	-3.2961456121412755
151.01989002907314	-3.334669139922212
153.216524911774	-3.3723400278090576
155.4451105845792	-3.409127395299366
157.70611178243232	-3.444998651318777
160.00000000000236	-3.4799207258501665
162.3272535900062	-3.5138618696201642
164.6883578629612	-3.5467938056303754
167.08380518838874	-3.5786933929139226
169.51409509748981	-3.6095444860192187
171.97973438731407	-3.639339428111451
174.4812372264439	-3.6680805369888185
177.01912526221608	-3.6957800059068666
179.5939277295025	-3.722459831858973
182.20618156107355	-3.748151441619265
184.85643149956664	-3.7728953228940525
187.54523021108326	-3.796738590388049
190.27313840043846	-3.819731754153974
193.04072492808663	-3.841926667939294
195.84856692874806	-3.86337281325026
198.69724993176072	-3.884113576866918
201.58736798318304	-3.904183162979848
204.5195237696723	-3.9236041042236782
207.49432874416505	-3.942385353673408
210.5124032533856	-3.9605205858170924
213.57437666720915	-3.9779859817367162
216.68088750990657	-3.994739826956923
219.83258359329807	-4.01072329442588
223.03012215184378	-4.025862598330557
226.2741699796992	-4.040073125226602
229.5654035697641	-4.053262206690449
232.90450925475412	-4.06533277241405
236.2921833503241	-4.076188154987919
239.72913230027333	-4.085735861668502
243.21607282386276	-4.093891811166721
246.75373206527502	-4.100582316714746
250.34284774524843	-4.105747023688222
253.9841683149166	-4.109341284472194
257.67845311188546	-4.111338586837147
261.42647251858085	-4.111731818344619
265.22900812289896	-4.110533428513199
269.08685288119375	-4.107775404769962
273.0008112836349	-4.103507169042106
276.97169952197106	-4.097794581510284
281.00034565973334	-4.090717068648642
285.0875898049141	-4.082366072513023
289.23428428515797	-4.072842654623302
293.44129382550057	-4.062254988212825
297.7094957286928	-4.050716469690079
302.0397800581479	-4.0383451835479685
306.4330498235497	-4.025261276149563
310.89022116916016	-4.011583957426538
315.41222356486645	-3.9974315169283523
320.00000000000654	-3.9829219087325924
324.6545071800142	-3.968175781944164
329.3767157259242	-3.9533182603754664
334.16761037677935	-3.938479045654349
339.02819019498156	-3.9237944200040196
343.95946877463007	-3.9094095834943725
348.9624744528898	-3.895480267499175
354.03825052443415	-3.882173069821268
359.187855459007	-3.869664514383025
364.4123631221491	-3.858140676210074
369.71286299913527	-3.8477967136711166
375.0904604221685	-3.8388343136681686
380.54627680087896	-3.831460144194519
386.08144985617537	-3.8258838856886186
391.6971338574982	-3.822316348657243
397.3944998635236	-3.820964746422016
403.1747359663683	-3.822024848608556
409.0390475393468	-3.825673968384775
414.9886574883323	-3.8320632583376684
421.0248065067734	-3.8413107326430023
427.1487533344206	-3.853495883932941
433.3617750198154	-3.8686569433607136
439.6651671865984	-3.8867867179471935
446.06024430368984	-3.9078314920069657
452.54833995940066	-3.9316947547684347
459.13080713953053	-3.9582446133887736
465.8090185095106	-3.9873198059785486
472.58436670065066	-4.018736602810518
479.45826460054917	-4.052298295382125
486.432145647728	-4.087806592270568
493.50746413055253	-4.125070801850395
500.6856954904994	-4.163918406701685
507.9683366298358	-4.204199935818807
515.3569062237735	-4.245790702661858
522.8529450371643	-4.288592862256936
530.4580162458005	-4.3325337540337845
538.1737057623901	-4.37756480415781
546.0016225672724	-4.42365648757107
553.9433990439449	-4.470791493337477
562.0006913194694	-4.518957201371959
570.1751796098309	-4.568137558990044
578.4685685703187	-4.618305503037731
586.8825876510039	-4.669418198781939
595.4189914573883	-4.721409962798403
604.0795601162986	-4.77418752371682
612.8660996471021	-4.8276236534926955
621.780442338323	-4.881555565194406
630.8244471297356	-4.935786846056377
640.0000000000159	-4.990090664769126
649.3090143600314	-5.0442097105540995
658.7534314518515	-5.097863087126136
668.3352207535618	-5.150752296589601
678.0563803899662	-5.202568479390336
687.9189375492632	-5.252999351301017
697.9249489057827	-5.3017356097961175
708.0765010488715	-5.348475254343609
718.3757109180171	-5.3929296446533295
728.8247262443015	-5.434825438995828
739.425725998274	-5.473907623105055
750.1809208443404	-5.509944548280841
761.0925536017613	-5.5427284248620845
772.1628997123541	-5.572079256849301
783.3942677149998	-5.597844932155858
794.7889997270506	-5.619897459022026
806.34947193274	-5.6381314454799405
818.0780950786972	-5.652461236219523
829.9773149766683	-5.662817765574342
842.0496130135506	-5.669149373338791
854.2975066688449	-5.671417025751801
866.7235500396347	-5.669587816964828
879.3303343732008	-5.663630741322745
892.1204886073838	-5.653520800507357
905.0966799188055	-5.639244629568651
918.2616142790653	-5.620800342103704
931.6180370190256	-5.598197361877207
945.1687334013056	-5.571458238989299
958.9165292011028	-5.540620354316689
972.8642912954606	-5.505730960581803
987.0149282611097	-5.466843331459085
1001.3713909810035	-5.424019909671473
1015.9366732596762	-5.377331058750863
1030.7138124475518	-5.326857399304694
1045.7058900743334	-5.2726880442884045
1060.916032491606	-5.21492989920319
1076.3474115247852	-5.153707909230584
1092.0032451345498	-5.0891592362622635
1107.8867980878947	-5.021431691600326
1124.0013826389438	-4.950687107457048
1140.350359219667	-4.877104918152492
1156.9371371406426	-4.800878064137125
1173.765175302013	-4.722214280421962
1190.837982914782	-4.641336991948941
1208.1591202326028	-4.558485011199547
1225.73219929421	-4.473895428155701
1243.5608846766518	-4.387791379060224
1261.648894259477	-4.300370584736412
1280.0000000000375	-4.211800041993007
1298.6180287200684	-4.122216636578786
1317.5068629037087	-4.031727459571213
1336.6704415071292	-3.9404005323508793
1356.112760779938	-3.848263635541233
1375.8378750985323	-3.7553032489015132
1395.8498978115715	-3.661463185257492
1416.153002097749	-3.5666503362690154
1436.7514218360407	-3.4707306744082955
1457.6494524886093	-3.373536184003261
1478.8514519965543	-3.2748746134568667
1500.3618416886875	-3.1745263234843546
1522.1851072035295	-3.072232264492244
1544.3257994247153	-2.9676947574924752
1566.788535430007	-2.8605940644630636
1589.5779994541087	-2.7505945935136324
1612.6989438654878	-2.6373443802755983
1636.156190157402	-2.520490232961919
1659.9546299533442	-2.3996957157593823
1684.099226027109	-2.27463896974381
1708.5950133376978	-2.1450184748397962
1733.4471000792773	-2.0105517692781003
1758.6606687464096	-1.870981175084264
1784.2409772147755	-1.726080014064785
1810.193359837619	-1.5756568262960402
1836.5232285581387	-1.4195485025683836
1863.2360740380593	-1.2576251458972252
1890.3374668026197	-1.089806941714394
1917.833058402214	-0.9160570527035228
1945.7285825909298	-0.7363641301344139
1974.0298565222283	-0.5507276053752241
2002.7427819620161	-0.3591655238033737
2031.8733465193618	-0.1617267819797089
2061.4276248951132	0.041499265205050345
2091.411780148677	0.2503781132683197
2121.832064983222	0.4647272940532878
2152.694823049581	0.6842927132111891
2184.0064902691106	0.908711211827129
2215.7735961758003	1.1374926381933015
2248.002765277899	1.370008663984948
2280.7007184393456	1.6054810561125223
2313.874274281297	1.842999816460463
2347.530350604038	2.0815202508478774
2381.6759658295764	2.319859151953626
2416.318240465218	2.5567181645387613
2451.4643985884327	2.7906921037275887
2487.1217693533167	3.020287051188676
2523.2977885189675	3.243943246855899
2560.0000000000887	3.460072181023779
2597.236057440151	3.667092061513695
2635.0137258074315	3.8634463640508105
2673.340883014273	4.047619474112423
2712.225521559891	4.218141899736868
2751.6757501970797	4.37360748283719
2791.699795623158	4.512711973624765
2832.3060041955137	4.634261457335195
2873.502843672097	4.737194239382383
2915.2989049772345	4.820630462113363
2957.7029039931244	4.883905282760029
3000.723683377391	4.926575077840831
3044.370214407075	4.948420514793829
3088.6515988494466	4.949441813190454
3133.57707086003	4.9298774191624535
3179.1559989082334	4.890176242350273
3225.3978877309914	4.830972827213506
3272.3123803148205	4.753025260048587
3319.9092599067053	4.657163659278683
3368.198452054235	4.544242235333794
3417.190026675413	4.415128677884783
3466.8942001585724	4.270665254862889
3517.3213374928373	4.11168285522092
3568.4819544295697	3.9389814692631173
3620.386719675257	3.753276360381182
3673.0464571162966	3.555205849377504
3726.472148076138	3.345417945798642
3780.6749336052594	3.1246454953797294
3835.6661168044484	2.893810175488071
3891.45716518188	2.6540415940673325
3948.059713044477	2.4066159273223198
4005.4855639240527	2.152945723244262
4063.746693038744	1.8945641419693808
4122.855249790247	1.6331162983748637
4182.823560297375	1.3703296142145542
4243.664129966465	1.1079653294498915
4305.389646099183	0.847716487014242
4368.012980538242	0.5911405364339849
4431.5471923516225	0.3396000062591059
4496.00553055582	0.094232071217656
4561.401436878714	-0.14408364510492716
4627.748548562617	-0.37475171253816303
4695.060701208099	-0.5973994769950131
4763.351931659176	-0.8118643576333902
4832.63648093046	-1.0181761052024618
4902.928797176889	-1.216436029167591
4974.243538706657	-1.4067195902636116
5046.595577037959	-1.5890884706822215
5120.000000000202	-1.7635267600942555
5194.472114880326	-1.9299692201515979
5270.027451614888	-2.0883544061539725
5346.6817660285715	-2.238679964014679
5424.451043119808	-2.3810728080929
5503.351500394186	-2.5158299479222177
5583.399591246343	-2.643309429091402
5664.612008391055	-2.763893665480305
5747.005687344222	-2.878024095285549
5830.597809954497	-2.986204533830613
5915.405807986278	-3.0888919875970413
6001.447366754812	-3.186421017630893
6088.740428814181	-3.2791293907620283
6177.303197698925	-3.3672242170748663
6267.154141720092	-3.4507554686500845
6358.3119978165005	-3.5297447100719093
6450.795775462017	-3.604287750136506
6544.624760629676	-3.674733481146751
6639.818519813445	-3.741776246001845
6736.396904108505	-3.806505450343509
6834.380053350861	-3.870329600612446
6933.788400317181	-3.934933996841608
7034.642674985712	-4.002245982612105
7136.963908859177	-4.074475502893218
7240.773439350552	-4.154190200149827
7346.092914232631	-4.244177918726315
7452.944296152315	-4.347450704939162
7561.349867210557	-4.467417195785931
7671.332233608935	-4.607721955523177
7782.914330363799	-4.772131274014784
7896.119426088994	-4.964571843386238
8010.971127848146	-5.188822440521967
8127.49338607753	-5.448091365249939
8245.710499580537	-5.744636488740757
8365.647120594791	-6.079343843259228
8487.328259932974	-6.451252492967544
8610.77929219841	-6.857248549278458
8736.025961076528	-7.291403572204236
8863.094384703289	-7.744537059644618
8992.011061111683	-8.203906679792611
9122.802873757471	-8.653458208733172
9255.497097125279	-9.07471201735125
9390.121402416245	-9.448405897340637
9526.7038633184	-9.75712953789676
9665.272961860968	-9.988471022765081
9805.857594353829	-10.13761596739557
9948.487077413367	-10.208732133190368
10093.19115407597	-10.21462581611041
10240.000000000457	-10.17408432026668
10388.944229760706	-10.108297134903736
10540.05490322983	-10.037916785715767
10693.363532057198	-9.980621439036444
10848.902086239672	-9.949876674594211
11006.703000788428	-9.95467304939644
11166.799182492743	-9.999858636565031
11329.224016782166	-10.086870566836579
11494.0113746885	-10.214328462174105
11661.195619909053	-10.378641236809381
11830.811615972614	-10.574335317093983
12002.894733509682	-10.794352480435593
12177.48085762842	-11.030208515152326
12354.606395397908	-11.272522780617447
12534.308283440243	-11.511046754063207
12716.62399563306	-11.73553017269263
12901.591550924093	-11.938172275953066
13089.249521259411	-12.113918621826556
13279.637039626952	-12.258603231455151
13472.793808217073	-12.370119953808569
13668.760106701786	-12.450945415134434
13867.576800634426	-12.507441171431
14069.285349971487	-12.547559265692605
14273.927817718419	-12.577850741445332
14481.54687870117	-12.60192167752081
14692.18582846533	-12.619479303115614
14905.888592304698	-12.626912904466886
15122.699734421185	-12.618076021194385
15342.664467217943	-12.586459127623556
15565.828660727671	-12.526651252479892
15792.238852178061	-12.435300618443751
16021.942255696367	-12.31217833821888
16254.986772155136	-12.160434716227863
16491.42099916115	-11.986022352781939
16731.294241189662	-11.796550262727605
16974.65651986603	-11.600749357637737
17221.558584396902	-11.40695771585693
17472.051922153143	-11.223371482629144
17726.188769406665	-11.057198900032196
17984.022122223458	-10.914819303823307
18245.605747515034	-10.801534235082883
18510.99419425065	-10.721513178273451
18780.242804832582	-10.678129332001278
19053.40772663689	-10.676556925163144
19330.545923722028	-10.728251012744147
19611.71518870775	-10.852513190525057
19896.974154826825	-11.058398672450446
20186.382308152035	-11.317693848100545
