20	1.6733214125261928
20.290906698750476	1.658858262222556
20.586044732869844	1.644400428329202
20.885475648548283	1.6299531036416832
21.189261887185914	1.6155191178766901
21.49746679841394	1.6010973328024927
21.810154653305165	1.5866818446514754
22.12739065777668	1.5722614361612688
22.449240966187475	1.5578197011414943
22.77577269513385	1.5433358504887844
23.107053937445478	1.5287856541907208
23.44315377638505	1.5141423960061346
23.784142300054445	1.4993779998653887
24.130090616010463	1.4844647695127002
24.481070866093134	1.4693772040524355
24.837156241469714	1.454093069459557
25.1984209978975	1.4385933227693777
25.56494047120865	1.4228618867156215
25.936791093020236	1.4068854287102888
26.3140504066728	1.3906527329451899
26.69679708340074	1.3741540966942045
27.08511093873791	1.357380899149816
27.47907294916184	1.3403253492399956
27.878765268980047	1.3229804178413727
28.284271247461966	1.3053399590975807
28.695675446220072	1.287399024783444
29.11306365684382	1.2691542320551876
29.536522918790062	1.2506037577435172
29.966141537533712	1.2317473858551529
30.402009102982383	1.2125867494951792
30.844216508158908	1.1931257646282134
31.29285596815558	1.1733711070168051
31.74802103936409	1.153332292331541
32.20980663898519	1.1330216354471658
32.67830906482211	1.1124537849309344
33.153626015361866	1.0916452498997935
33.63585661014871	1.0706139000760562
34.125101410453844	1.0493779806204704
34.62146244024586	1.0279550556768684
35.12504320746613	1.0063610038207627
35.635948725613716	0.9846090433224559
36.15428553564419	0.9627089141731604
36.68016172818701	0.940666494139603
37.21368696608603	0.9184830932616093
37.754972507267915	0.8961553053375131
38.30413122794313	0.8736754095129028
38.86127764614443	0.8510314213791375
39.4265279456077	0.8282073892000112
40.000000000000206	0.8051833336017005
40.58181339750116	0.7819357411403922
41.1720894657399	0.7584384691796379
41.77095129709678	0.7346627026085578
42.37852377437204	0.7105771904905271
42.9949335968281	0.6861486230458556
43.62030930661056	0.661342166284951
44.25478131555359	0.6361224810321402
44.89848193237519	0.610454314205199
45.55154539026795	0.584302987640149
46.21410787489121	0.5576349553633541
46.88630755277036	0.5304182862782104
47.56828460010916	0.502622768534173
48.260181232021196	0.4742204361398531
48.962141732186545	0.44518573157048313
49.674312482939705	0.4154956272778947
50.39684199579528	0.3851297061998583
51.129880942417586	0.35406971397301534
51.873582186040764	0.3222990603926703
52.628100813345895	0.28980226050754765
53.393594166801776	0.2565638119518019
54.17022187747612	0.22256698542352948
54.95814589832399	0.18779284723970657
55.75753053796041	0.15222000629740584
56.56854249492426	0.11582458193008927
57.39135089244048	0.07858021997775144
58.226127313687975	0.040457980984845654
59.073045837580466	0.0014259265439263702
59.932283075067765	-0.038550231136399105
60.804018205965114	-0.07950678039221015
61.68843301631817	-0.12148178673719501
62.58571193631152	-0.16451481734187345
63.49604207872855	-0.20864660410991553
64.41961327797075	-0.2539186338036976
65.35661812964459	-0.30037265147206194
66.3072520307241	-0.3480500613824029
67.27171322029778	-0.3969913890252026
68.25020282090806	-0.4472361486260741
69.2429248804921	-0.49882201225730793
70.25008641493265	-0.5517836179559923
71.27189745122783	-0.6061513605583755
72.30857107128878	-0.6619507034916003
73.36032345637442	-0.7192012545285915
74.42737393217246	-0.7779150253130225
75.50994501453623	-0.8380947945719437
76.60826245588666	-0.8997321918927406
77.72255529228926	-0.9628078051979629
78.85305589121582	-1.0272925832275945
80.00000000000082	-1.0931497969332837
81.16362679500274	-1.160336418705638
82.34417893148023	-1.2288047255671168
83.541902594194	-1.298503362832045
84.75704754874454	-1.3693786889262478
85.98986719365665	-1.4413754219016515
87.24061861322157	-1.5144370072545863
88.50956263110764	-1.5885059251570612
89.79696386475084	-1.6635239515770968
91.10309078053635	-1.7394323830500436
92.42821574978288	-1.8161722297819765
93.77261510554118	-1.893684376380818
95.13656920021877	-1.9719094883454376
96.52036246404286	-2.0507872195174874
97.92428346437356	-2.130255771663675
99.34862496587989	-2.210250918725299
100.79368399159105	-2.2907055659471207
102.25976188483567	-2.3715493845214386
103.74716437208203	-2.4527082773952986
105.25620162669229	-2.5341038784529606
106.78718833360406	-2.615653750533453
108.34044375495276	-2.697271592009795
109.9162917966485	-2.7788672115518422
111.51506107592134	-2.8603464971503527
113.13708498984903	-2.9416120894057807
114.78270178488147	-3.0225643094934598
116.45225462737648	-3.103102603889173
118.14609167516147	-3.1831263287079503
119.86456615013608	-3.2625361138246687
121.60803641193078	-3.3412353562164148
123.3768660326369	-3.4191316353620964
125.17142387262359	-3.496138087590565
126.99208415745765	-3.5721747778575406
128.83922655594208	-3.6471701072286744
130.71323625928977	-3.7210620298200316
132.61450406144883	-3.793798053547582
134.5434264405962	-3.865334017465509
136.50040564181674	-3.9356326974277183
138.48584976098482	-4.004662514977483
140.50017282986593	-4.072396086010474
142.5437949024563	-4.138808066501119
144.61714214257822	-4.203873956893441
146.7206469127495	-4.267569055860289
148.8547478643456	-4.32986703194292
151.01989002907314	-4.3907404262016065
153.216524911774	-4.450160855254385
155.4451105845792	-4.508099257419129
157.70611178243232	-4.564526535448962
160.00000000000236	-4.619414674953428
162.3272535900062	-4.67273842686332
164.6883578629612	-4.724477339143133
167.08380518838874	-4.774617299477662
169.51409509748981	-4.82315227369433
171.97973438731407	-4.870085678972766
174.4812372264439	-4.915431752191359
177.01912526221608	-4.959215336241453
179.5939277295025	-5.001471697775176
182.20618156107355	-5.042246047389975
184.85643149956664	-5.081593070172352
187.54523021108326	-5.1195743968659615
190.27313840043846	-5.156255283378669
193.04072492808663	-5.191702476581725
195.84856692874806	-5.2259804222614346
198.69724993176072	-5.259147473006656
201.58736798318304	-5.291252737170849
204.5195237696723	-5.322333533079936
207.49432874416505	-5.352413430385845
210.5124032533856	-5.3815005063606325
213.57437666720915	-5.409585092101271
216.68088750990657	-5.4366393368088755
219.83258359329807	-5.462617962285149
223.03012215184378	-5.487460393009038
226.2741699796992	-5.511094867923791
229.5654035697641	-5.533441197787716
232.90450925475412	-5.554414406655865
236.2921833503241	-5.573929528391143
239.72913230027333	-5.591905373163552
243.21607282386276	-5.608268761650325
246.75373206527502	-5.622956507885559
250.34284774524843	-5.635918358745756
253.9841683149166	-5.6471193724875945
257.67845311188546	-5.6565423523521385
261.42647251858085	-5.664189117522764
265.22900812289896	-5.670080672955463
269.08685288119375	-5.674257193914028
273.0008112836349	-5.67677593189141
276.97169952197106	-5.67771022828337
281.00034565973334	-5.677146652801358
285.0875898049141	-5.67518346346404
289.23428428515797	-5.671928221406388
293.44129382550057	-5.667495294186047
297.7094957286928	-5.662003978351369
302.0397800581479	-5.655577975437183
306.4330498235497	-5.648342776758185
310.89022116916016	-5.640422675986276
315.41222356486645	-5.6319407959083
320.00000000000654	-5.623019683840174
324.6545071800142	-5.613784352397063
329.3767157259242	-5.60436406918928
334.16761037677935	-5.5948924696731455
339.02819019498156	-5.5855095693875505
343.95946877463007	-5.576364110366015
348.9624744528898	-5.567615183452042
354.03825052443415	-5.559432571976041
359.187855459007	-5.551995819689388
364.4123631221491	-5.545493863684008
369.71286299913527	-5.540124574262183
375.0904604221685	-5.536092207454298
380.54627680087896	-5.5336058646062565
386.08144985617537	-5.5328775304702225
391.6971338574982	-5.5341201972782335
397.3944998635236	-5.53754314365959
403.1747359663683	-5.543344094028656
409.0390475393468	-5.551702211457294
414.9886574883323	-5.562770398929349
421.0248065067734	-5.576668326639788
427.1487533344206	-5.593477053751953
433.3617750198154	-5.613236293120467
439.6651671865984	-5.635940253073175
446.06024430368984	-5.661536543058132
452.54833995940066	-5.6899299052786185
459.13080713953053	-5.720989631525258
465.8090185095106	-5.7545555798282555
472.58436670065066	-5.79044507911226
479.45826460054917	-5.8284624215312455
486.432145647728	-5.868410261429891
493.50746413055253	-5.910098801008889
500.6856954904994	-5.953356367529469
507.9683366298358	-5.998034288174086
515.3569062237735	-6.04400863061219
522.8529450371643	-6.0911822624837475
530.4580162458005	-6.139483196495308
538.1737057623901	-6.188863494891723
546.0016225672724	-6.239294233523902
553.9433990439449	-6.290758669113421
562.0006913194694	-6.343244717799107
570.1751796098309	-6.396736833407143
578.4685685703187	-6.45120843120949
586.8825876510039	-6.5066171283555665
595.4189914573883	-6.562897668218561
604.0795601162986	-6.6199571825203805
612.8660996471021	-6.677668823908835
621.780442338323	-6.735870164979363
630.8244471297356	-6.794365132495955
640.0000000000159	-6.852927215785466
649.3090143600314	-6.911299406856662
658.7534314518515	-6.969201095349945
668.3352207535618	-7.026334053366838
678.0563803899662	-7.082389676304269
687.9189375492632	-7.1370559206739195
697.9249489057827	-7.190023711265465
708.0765010488715	-7.240991262183274
718.3757109180171	-7.289670135798806
728.8247262443015	-7.335787181734771
739.425725998274	-7.3790875663964615
750.1809208443404	-7.419339811668213
761.0925536017613	-7.456336288947806
772.1628997123541	-7.489897154299205
783.3942677149998	-7.519870439204678
794.7889997270506	-7.54612828745203
806.34947193274	-7.568565435046522
818.0780950786972	-7.587096347499004
829.9773149766683	-7.6016520732105715
842.0496130135506	-7.612181059666409
854.2975066688449	-7.618644374775255
866.7235500396347	-7.621009208673407
879.3303343732008	-7.619244646322914
892.1204886073838	-7.613325774954791
905.0966799188055	-7.603239310383278
918.2616142790653	-7.588983442452
931.6180370190256	-7.570567666906903
945.1687334013056	-7.548014601802371
958.9165292011028	-7.521361692167437
972.8642912954606	-7.490656251287416
987.0149282611097	-7.4559516100108665
1001.3713909810035	-7.417310265035542
1015.9366732596762	-7.374802630847736
1030.7138124475518	-7.328509376157801
1045.7058900743334	-7.278519659332082
1060.916032491606	-7.224940428741255
1076.3474115247852	-7.167896670037092
1092.0032451345498	-7.107525583316496
1107.8867980878947	-7.043975015948505
1124.0013826389438	-6.977406834193712
1140.350359219667	-6.908000504514838
1156.9371371406426	-6.835948997705998
1173.765175302013	-6.76146007742353
1190.837982914782	-6.684757195651449
1208.1591202326028	-6.606079190399792
1225.73219929421	-6.525663175750237
1243.5608846766518	-6.443732310696566
1261.648894259477	-6.360484337539736
1280.0000000000375	-6.2760862733641405
1298.6180287200684	-6.190675023059497
1317.5068629037087	-6.104357695773035
1336.6704415071292	-6.017202329943896
1356.112760779938	-5.929236722299508
1375.8378750985323	-5.840447367801943
1395.8498978115715	-5.750778093629135
1416.153002097749	-5.660135804990047
1436.7514218360407	-5.568386487147931
1457.6494524886093	-5.475362136506126
1478.8514519965543	-5.38087051286744
1500.3618416886875	-5.2846919877092375
1522.1851072035295	-5.186567521598148
1544.3257994247153	-5.086199445137907
1566.788535430007	-4.983268029361842
1589.5779994541087	-4.87743769092844
1612.6989438654878	-4.768356473539894
1636.156190157402	-4.655671193028619
1659.9546299533442	-4.539045420774806
1684.099226027109	-4.418157304645494
1708.5950133376978	-4.29270533097681
1733.4471000792773	-4.16240704405263
1758.6606687464096	-4.027004771613263
1784.2409772147755	-3.8862718408605557
1810.193359837619	-3.7400167969647113
1836.5232285581387	-3.58807653552526
1863.2360740380593	-3.4303211640980726
1890.3374668026197	-3.266670872401765
1917.833058402214	-3.097088827167283
1945.7285825909298	-2.9215636834856715
1974.0298565222283	-2.740094876332912
2002.7427819620161	-2.552700454492775
2031.8733465193618	-2.3594293177422614
2061.4276248951132	-2.1603708240086874
2091.411780148677	-1.9556594806417271
2121.832064983222	-1.7454777585052577
2152.694823049581	-1.5300797545040412
2184.0064902691106	-1.3098286299663497
2215.7735961758003	-1.0852145388787275
2248.002765277899	-0.856865811717563
2280.7007184393456	-0.6255606836040329
2313.874274281297	-0.39220915457204336
2347.530350604038	-0.15785592061388068
2381.6759658295764	0.07631580923889568
2416.318240465218	0.30900767813223967
2451.4643985884327	0.5388144996653548
2487.1217693533167	0.7642423540666714
2523.2977885189675	0.9837314799101403
2560.0000000000887	1.19569336620609
2597.236057440151	1.398546219563204
2635.0137258074315	1.5907335145614523
2673.340883014273	1.770739635596671
2712.225521559891	1.9370950896859032
2751.6757501970797	2.0883937177777088
2791.699795623158	2.2233312691726175
2832.3060041955137	2.340713828246016
2873.502843672097	2.4394796995994144
2915.2989049772345	2.5187490248125926
2957.7029039931244	2.5778569603928094
3000.723683377391	2.616359882174123
3044.370214407075	2.634038456948202
3088.6515988494466	2.6308929036759547
3133.57707086003	2.6071616679124894
3179.1559989082334	2.563293658753588
3225.3978877309914	2.4999234201443867
3272.3123803148205	2.4178090378953763
3319.9092599067053	2.3177806299707076
3368.198452054235	2.2006924063667888
3417.190026675413	2.067412056344898
3466.8942001585724	1.9187818474493628
3517.3213374928373	1.755632668267481
3568.4819544295697	1.578764508758201
3620.386719675257	1.38889263198702
3673.0464571162966	1.186655358448149
3726.472148076138	0.9727006973969884
3780.6749336052594	0.7477614942935898
3835.6661168044484	0.5127594262453554
3891.45716518188	0.2688241009503841
3948.059713044477	0.01723169438145051
4005.4855639240527	-0.2406052456894564
4063.746693038744	-0.5031535593332853
4122.855249790247	-0.7687681318686134
4182.823560297375	-1.0357215417265933
4243.664129966465	-1.3022525491206072
4305.389646099183	-1.566668111282507
4368.012980538242	-1.827410778842055
4431.5471923516225	-2.083118023396838
4496.00553055582	-2.332652670358282
4561.401436878714	-2.5751350962727817
4627.748548562617	-2.8099698710944665
4695.060701208099	-3.0367843408540858
4763.351931659176	-3.2554159248208974
4832.63648093046	-3.465894373849325
4902.928797176889	-3.6683209975042406
4974.243538706657	-3.8627712566145513
5046.595577037959	-4.049306833460903
5120.000000000202	-4.2279118177982244
5194.472114880326	-4.398520971357918
5270.027451614888	-4.561072849514899
5346.6817660285715	-4.715565098253568
5424.451043119808	-4.862124632000346
5503.351500394186	-5.00104846035241
5583.399591246343	-5.1326946289586735
5664.612008391055	-5.257445551755873
5747.005687344222	-5.375742666994439
5830.597809954497	-5.488089790048747
5915.405807986278	-5.594943927448494
6001.447366754812	-5.696639640285286
6088.740428814181	-5.793514695432085
6177.303197698925	-5.885776203014084
6267.154141720092	-5.9734741351505445
6358.3119978165005	-6.056630056462204
6450.795775462017	-6.135339775779784
6544.624760629676	-6.209952185438857
6639.818519813445	-6.281161628369576
6736.396904108505	-6.350057510242961
6834.380053350861	-6.418048337527445
6933.788400317181	-6.486819410282236
7034.642674985712	-6.558298072113301
7136.963908859177	-6.634694268013453
7240.773439350552	-6.718575640469858
7346.092914232631	-6.812730033848002
7452.944296152315	-6.920169494484352
7561.349867210557	-7.0443026593954
7671.332233608935	-7.188774092855633
7782.914330363799	-7.357350084745918
7896.119426088994	-7.553957327207834
8010.971127848146	-7.782374597141057
8127.49338607753	-8.045810194387997
8245.710499580537	-8.34652199013295
8365.647120594791	-8.685396016653696
8487.328259932974	-9.061471338124727
8610.77929219841	-9.471634065970449
8736.025961076528	-9.909955760214178
8863.094384703289	-10.367255918766134
8992.011061111683	-10.830792209829253
9122.802873757471	-11.284510409497914
9255.497097125279	-11.709930888666001
9390.121402416245	-12.087791439035774
9526.7038633184	-12.400681749810701
9665.272961860968	-12.63618990474386
9805.857594353829	-12.789501519292463
9948.487077413367	-12.864784354865511
10093.19115407597	-12.874844707430446
10240.000000000457	-12.838469881104439
10388.944229760706	-12.776849365137908
10540.05490322983	-12.710635685230613
10693.363532057198	-12.657507007721499
10848.902086239672	-12.63092891234404
11006.703000788428	-12.639891956110363
11166.799182492743	-12.689244212146892
11329.224016782166	-12.780422811194518
11494.0113746885	-12.912047375220334
11661.195619909053	-13.080526818459989
11830.811615972614	-13.280387567268729
12002.894733509682	-13.504571399057737
12177.48085762842	-13.744594102148435
12354.606395397908	-13.991075035917246
12534.308283440243	-14.233765677599411
12716.62399563306	-14.46241576440079
12901.591550924093	-14.669224535771432
13089.249521259411	-14.84913754969594
13279.637039626952	-14.997988827318796
13472.793808217073	-15.113672217612026
13668.760106701786	-15.198664346825451
13867.576800634426	-15.259326770959394
14069.285349971487	-15.303611533010177
14273.927817718419	-15.338069676505736
14481.54687870117	-15.366307280279486
14692.18582846533	-15.388031573529682
14905.888592304698	-15.399631842495051
15122.699734421185	-15.394961626796862
15342.664467217943	-15.367511400761977
15565.828660727671	-15.311870193117242
15792.238852178061	-15.224686226544275
16021.942255696367	-15.105730613748023
16254.986772155136	-14.958153659152197
16491.42099916115	-14.787907963069083
16731.294241189662	-14.602602540346174
16974.65651986603	-14.410968302557269
17221.558584396902	-14.221343328047826
17472.051922153143	-14.041923762062599
17726.188769406665	-13.879917846680147
17984.022122223458	-13.741704917658371
18245.605747515034	-13.632586516078298
18510.99419425065	-13.556732126403027
18780.242804832582	-13.517514947239338
19053.40772663689	-13.520109207484424
19330.545923722028	-13.575969962123432
19611.71518870775	-13.704398806936878
19896.974154826825	-13.914450955870477
20186.382308152035	-14.177912798511972
