20	2.887694224477609
20.290906698750476	2.8724917947373307
20.586044732869844	2.85729357573278
20.885475648548283	2.8421039600200437
21.189261887185914	2.826925650614522
21.49746679841394	2.811757940920917
21.810154653305165	2.7965957217880866
22.12739065777668	2.781428829931102
22.449240966187475	2.7662420283909923
22.77577269513385	2.7510152135583894
23.107053937445478	2.735723915117795
23.44315377638505	2.720340427162786
23.784142300054445	2.70483525672416
24.130090616010463	2.6891789717815433
24.481070866093134	2.6733440296611977
24.837156241469714	2.657305832452279
25.1984209978975	2.641043096747366
25.56494047120865	2.6245378839390128
25.936791093020236	2.607775158254148
26.3140504066728	2.5907422899836328
26.69679708340074	2.5734285477677226
27.08511093873791	2.5558246915539127
27.47907294916184	2.537922822363439
27.878765268980047	2.51971615975721
28.284271247461966	2.5011989814623723
28.695675446220072	2.482366817489181
29.11306365684382	2.4632168466325015
29.536522918790062	2.44374823438966
29.966141537533712	2.4239622122507205
30.402009102982383	2.4038621074456765
30.844216508158908	2.3834538080455427
31.29285596815558	2.362745793541709
31.74802103936409	2.341748935060328
32.20980663898519	2.3204765894932384
32.67830906482211	2.2989444289775447
33.153626015361866	2.277169905694717
33.63585661014871	2.255171464762011
34.125101410453844	2.2329674670725352
34.62146244024586	2.210575139407981
35.12504320746613	2.1880097979691664
35.635948725613716	2.165284324527013
36.15428553564419	2.142408285991201
36.68016172818701	2.1193870265052484
37.21368696608603	2.096221268936174
37.754972507267915	2.072907342739725
38.30413122794313	2.049437168628808
38.86127764614443	2.025798291162223
39.4265279456077	2.0019741722486963
40.000000000000206	1.9779445862747653
40.58181339750116	1.9536857839032615
41.1720894657399	1.9291709596442606
41.77095129709678	1.9043706621188474
42.37852377437204	1.879253170085533
42.9949335968281	1.8537848468243436
43.62030930661056	1.8279305221424487
44.25478131555359	1.801654439597899
44.89848193237519	1.774921003058638
45.55154539026795	1.747695277905964
46.21410787489121	1.7199435422214187
46.88630755277036	1.691633477063601
47.56828460010916	1.6627342520724702
48.260181232021196	1.6332171805760771
48.962141732186545	1.6030559613531783
49.674312482939705	1.5722266826003062
50.39684199579528	1.5407073633103008
51.129880942417586	1.5084774765378843
51.873582186040764	1.4755175977758181
52.628100813345895	1.441809087400724
53.393594166801776	1.4073334604357788
54.17022187747612	1.3720715532358274
54.95814589832399	1.3360030530647697
55.75753053796041	1.2991061729432043
56.56854249492426	1.261357516594435
57.39135089244048	1.2227323484341763
58.226127313687975	1.183205018360146
59.073045837580466	1.1427494582246545
59.932283075067765	1.1013397461980416
60.804018205965114	1.058950735454852
61.68843301631817	1.0155587433856592
62.58571193631152	0.971142296786655
63.49604207872855	0.9256828419127077
64.41961327797075	0.8791650602448653
65.35661812964459	0.8315767623686331
66.3072520307241	0.7829088203482902
67.27171322029778	0.7331554038643076
68.25020282090806	0.68231433267495
69.2429248804921	0.6303869999250694
70.25008641493265	0.5773783676387867
71.27189745122783	0.5232971270952974
72.30857107128878	0.46815530907496583
73.36032345637442	0.4119678725248428
74.42737393217246	0.354752416464852
75.50994501453623	0.2965286036542595
76.60826245588666	0.23731779382044393
77.72255529228926	0.1771425986771672
78.85305589121582	0.11602645484964313
80.00000000000082	0.053993109912761184
81.16362679500274	-0.008934268609568585
82.34417893148023	-0.0727332063565751
83.541902594194	-0.1373826179293074
84.75704754874454	-0.20286322544705537
85.98986719365665	-0.26915740793514786
87.24061861322157	-0.3362489116324523
88.50956263110764	-0.40412258766466946
89.79696386475084	-0.4727638315073439
91.10309078053635	-0.5421579384004215
92.42821574978288	-0.612289219384398
93.77261510554118	-0.6831401465267741
95.13656920021877	-0.7546907586140109
96.52036246404286	-0.8269182760734787
97.92428346437356	-0.8997975423904159
99.34862496587989	-0.9733021427126447
100.79368399159105	-1.0474053122125997
102.25976188483567	-1.1220809887674124
103.74716437208203	-1.1973042492761161
105.25620162669229	-1.2730509554498868
106.78718833360406	-1.3492966889946942
108.34044375495276	-1.4260150921937427
109.9162917966485	-1.5031757432324837
111.51506107592134	-1.5807424786932156
113.13708498984903	-1.6586725841348544
114.78270178488147	-1.7369159249028188
116.45225462737648	-1.8154140546889914
118.14609167516147	-1.8940997666919066
119.86456615013608	-1.9728963956462382
121.60803641193078	-2.051717163779419
123.3768660326369	-2.1304643386288977
125.17142387262359	-2.209028423535236
126.99208415745765	-2.28728821937767
128.83922655594208	-2.3651110514328177
130.71323625928977	-2.442354775685441
132.61450406144883	-2.51887110042906
134.5434264405962	-2.594509027132178
136.50040564181674	-2.6691176751151287
138.48584976098482	-2.7425496977436126
140.50017282986593	-2.8146642605603733
142.5437949024563	-2.8853296216248836
144.61714214257822	-2.9544249738066575
146.7206469127495	-3.0218420511792567
148.8547478643456	-3.087486670209691
151.01989002907314	-3.1512792458969665
153.216524911774	-3.2131554580786426
155.4451105845792	-3.2730674025368636
157.70611178243232	-3.330984868611068
160.00000000000236	-3.386896308292915
162.3272535900062	-3.440808992937705
164.6883578629612	-3.4927489948253267
167.08380518838874	-3.5427610916441976
169.51409509748981	-3.5909083212539743
171.97973438731407	-3.6372702447711927
174.4812372264439	-3.681940643351067
177.01912526221608	-3.725025402743972
179.5939277295025	-3.766639528189246
182.20618156107355	-3.806904604815007
184.85643149956664	-3.8459450722804975
187.54523021108326	-3.8838840281176377
190.27313840043846	-3.920839235144047
193.04072492808663	-3.9569192791110988
195.84856692874806	-3.992219698054057
198.69724993176072	-4.026819038340129
201.58736798318304	-4.060775351881108
204.5195237696723	-4.094123863076834
207.49432874416505	-4.1268758099223035
210.5124032533856	-4.159017684809955
213.57437666720915	-4.190511369309793
216.68088750990657	-4.221295987129901
219.83258359329807	-4.251290895158744
223.03012215184378	-4.2803990126869
226.2741699796992	-4.308510997069223
229.5654035697641	-4.33550963621383
232.90450925475412	-4.361274492537946
236.2921833503241	-4.3856863445848004
239.72913230027333	-4.408632194816552
243.21607282386276	-4.4300096464399585
246.75373206527502	-4.449730294697471
250.34284774524843	-4.467723260806264
253.9841683149166	-4.483937857811226
257.67845311188546	-4.498346811459378
261.42647251858085	-4.510947935361638
265.22900812289896	-4.521764214307194
269.08685288119375	-4.53084233253972
273.0008112836349	-4.538249659719929
276.97169952197106	-4.544072632583079
281.00034565973334	-4.548413018719124
285.0875898049141	-4.55138294706677
289.23428428515797	-4.5531014140364565
293.44129382550057	-4.553691984516834
297.7094957286928	-4.553280335529326
302.0397800581479	-4.551991245114914
306.4330498235497	-4.5499450625012745
310.89022116916016	-4.547254677400485
315.41222356486645	-4.544022643396809
320.00000000000654	-4.540340379219297
324.6545071800142	-4.536290383660444
329.3767157259242	-4.53194850632007
334.16761037677935	-4.527386106459885
339.02819019498156	-4.52267351230089
343.95946877463007	-4.517883181628698
348.9624744528898	-4.513092146910221
354.03825052443415	-4.508384979006255
359.187855459007	-4.5038564309095275
364.4123631221491	-4.49961369971057
369.71286299913527	-4.495776094273547
375.0904604221685	-4.492475533531195
380.54627680087896	-4.4898561220886775
386.08144985617537	-4.488072966880217
391.6971338574982	-4.487289272473402
397.3944998635236	-4.487673129994963
403.1747359663683	-4.489394371410143
409.0390475393468	-4.49261844776459
414.9886574883323	-4.497498628062014
421.0248065067734	-4.504167736555223
427.1487533344206	-4.512729585144565
433.3617750198154	-4.523250897808265
439.6651671865984	-4.535755175259028
446.06024430368984	-4.550221163499325
452.54833995940066	-4.5665846750184285
459.13080713953053	-4.584742204378072
465.8090185095106	-4.604557452526716
472.58436670065066	-4.625869579012905
479.45826460054917	-4.6485027749996775
486.432145647728	-4.672278698054083
493.50746413055253	-4.697031676587006
500.6856954904994	-4.722623632578832
507.9683366298358	-4.748953858802307
515.3569062237735	-4.775963734882747
522.8529450371643	-4.803638136061504
530.4580162458005	-4.831999906316089
538.1737057623901	-4.861103621005255
546.0016225672724	-4.891028461180905
553.9433990439449	-4.921871576804887
562.0006913194694	-4.9537404029974335
570.1751796098309	-4.986740482926548
578.4685685703187	-5.02096604387526
586.8825876510039	-5.056492365319137
595.4189914573883	-5.093369845897849
604.0795601162986	-5.1316165306508745
612.8660996471021	-5.171210508174954
621.780442338323	-5.212084012919583
630.8244471297356	-5.25411947642868
640.0000000000159	-5.2971454794561925
649.3090143600314	-5.340940122964605
658.7534314518515	-5.38524300176342
668.3352207535618	-5.4297715210649065
678.0563803899662	-5.474236756909113
687.9189375492632	-5.518356434588503
697.9249489057827	-5.561868927733613
708.0765010488715	-5.604546556155353
718.3757109180171	-5.646204598122434
728.8247262443015	-5.686708353760503
739.425725998274	-5.725976189725501
750.1809208443404	-5.763976696047581
761.0925536017613	-5.800720736302629
772.1628997123541	-5.836249956251887
783.3942677149998	-5.8706112440448806
794.7889997270506	-5.903823694651824
806.34947193274	-5.935840589356076
818.0780950786972	-5.966520131506879
829.9773149766683	-5.99561816082704
842.0496130135506	-6.022799830556857
854.2975066688449	-6.047661711436642
866.7235500396347	-6.0697546663295965
879.3303343732008	-6.088596656244758
892.1204886073838	-6.103680811757132
905.0966799188055	-6.114482489062369
918.2616142790653	-6.12046416780542
931.6180370190256	-6.121082485070881
945.1687334013056	-6.115794558358061
958.9165292011028	-6.10407345326889
972.8642912954606	-6.085437428806751
987.0149282611097	-6.059499299704114
1001.3713909810035	-6.026027071251397
1015.9366732596762	-5.985006032069448
1030.7138124475518	-5.936660650094087
1045.7058900743334	-5.88142518103868
1060.916032491606	-5.819883422989735
1076.3474115247852	-5.752706422825152
1092.0032451345498	-5.680602977192298
1107.8867980878947	-5.604285084446851
1124.0013826389438	-5.5244574483272135
1140.350359219667	-5.441813679448899
1156.9371371406426	-5.357035854402622
1173.765175302013	-5.270794052976413
1190.837982914782	-5.183744548562163
1208.1591202326028	-5.096517317225719
1225.73219929421	-5.009687190794148
1243.5608846766518	-4.923723339189941
1261.648894259477	-4.83893698975048
1280.0000000000375	-4.755446537302747
1298.6180287200684	-4.673185631990302
1317.5068629037087	-4.591941948925805
1336.6704415071292	-4.511414650734578
1356.112760779938	-4.431251403683542
1375.8378750985323	-4.3510790050997015
1395.8498978115715	-4.27052278459452
1416.153002097749	-4.189225177097688
1436.7514218360407	-4.1068543741016335
1457.6494524886093	-4.023102022631739
1478.8514519965543	-3.937671991163601
1500.3618416886875	-3.8502698646535136
1522.1851072035295	-3.760601699257569
1544.3257994247153	-3.66836984817604
1566.788535430007	-3.573268636284793
1589.5779994541087	-3.474995260152329
1612.6989438654878	-3.3732627736821965
1636.156190157402	-3.2678085736599507
1659.9546299533442	-3.1583929774934822
1684.099226027109	-3.0447909058053284
1708.5950133376978	-2.926778170774546
1733.4471000792773	-2.8041064674266485
1758.6606687464096	-2.6764748068037627
1784.2409772147755	-2.5435031603799767
1810.193359837619	-2.4046918507593804
1836.5232285581387	-2.259366620271379
1863.2360740380593	-2.1066411793511843
1890.3374668026197	-1.9454126933813796
1917.833058402214	-1.7743983166308754
1945.7285825909298	-1.5922450882628156
1974.0298565222283	-1.3977545448942603
2002.7427819620161	-1.1902259018950536
2031.8733465193618	-0.9698144029667304
2061.4276248951132	-0.737634340695867
2091.411780148677	-0.49556308009116184
2121.832064983222	-0.24589979948971555
2152.694823049581	0.008957699643108122
2184.0064902691106	0.2667273069419712
2215.7735961758003	0.5253054876094458
2248.002765277899	0.7827529870478267
2280.7007184393456	1.0372330022372087
2313.874274281297	1.286964528314893
2347.530350604038	1.5301520916289308
2381.6759658295764	1.7649323799560042
2416.318240465218	1.9893742698206385
2451.4643985884327	2.201568137536792
2487.1217693533167	2.3998613232048154
2523.2977885189675	2.583098432463335
2560.0000000000887	2.7508167087184576
2597.236057440151	2.903161037790682
2635.0137258074315	3.040650787678747
2673.340883014273	3.1639130110261173
2712.225521559891	3.273499807536478
2751.6757501970797	3.3697647331803218
2791.699795623158	3.45284829533564
2832.3060041955137	3.522638088635751
2873.502843672097	3.578732144726707
2915.2989049772345	3.620327292301604
2957.7029039931244	3.6461206153953105
3000.723683377391	3.6542855289271254
3044.370214407075	3.6425833428930767
3088.6515988494466	3.6086537455599688
3133.57707086003	3.550540227346903
3179.1559989082334	3.4673295450566797
3225.3978877309914	3.3596804303366663
3272.3123803148205	3.2296892889782196
3319.9092599067053	3.0802882093148165
3368.198452054235	2.91454574749044
3417.190026675413	2.735176710917349
3466.8942001585724	2.5443471834724023
3517.3213374928373	2.3436976255138746
3568.4819544295697	2.134459363248022
3620.386719675257	1.9176198407642946
3673.0464571162966	1.694120553671779
3726.472148076138	1.465025397711715
3780.6749336052594	1.2317096880295777
3835.6661168044484	0.9960204003632078
3891.45716518188	0.7602602142245984
3948.059713044477	0.5269586301020202
4005.4855639240527	0.2984109701646324
4063.746693038744	0.07598045089343497
4122.855249790247	-0.14022693961584842
4182.823560297375	-0.3510330016071566
4243.664129966465	-0.5575970853730332
4305.389646099183	-0.7609354455853884
4368.012980538242	-0.9616807941886174
4431.5471923516225	-1.1600683391610835
4496.00553055582	-1.3560474166590417
4561.401436878714	-1.5493773672542281
4627.748548562617	-1.7397053300556744
4695.060701208099	-1.9265565386513277
4763.351931659176	-2.1093706473533316
4832.63648093046	-2.2875108727559543
4902.928797176889	-2.460317441970248
4974.243538706657	-2.6271713751980204
5046.595577037959	-2.7876166692534925
5120.000000000202	-2.9414801725780313
5194.472114880326	-3.0887978371472546
5270.027451614888	-3.229749186086387
5346.6817660285715	-3.3645206282433335
5424.451043119808	-3.4931838028472346
5503.351500394186	-3.6157084254010607
5583.399591246343	-3.732017319268284
5664.612008391055	-3.842080188650478
5747.005687344222	-3.9459109370143532
5830.597809954497	-4.043306389689524
5915.405807986278	-4.133581124684703
6001.447366754812	-4.215311653150705
6088.740428814181	-4.286167067722671
6177.303197698925	-4.343108951090978
6267.154141720092	-4.383020365739875
6358.3119978165005	-4.40420659238827
6450.795775462017	-4.407768071960235
6544.624760629676	-4.397223740931897
6639.818519813445	-4.377108280955405
6736.396904108505	-4.351601869250846
6834.380053350861	-4.323866993754171
6933.788400317181	-4.296035520512687
7034.642674985712	-4.2695327669140095
7136.963908859177	-4.245531750981665
7240.773439350552	-4.225214459999393
7346.092914232631	-4.209787350667039
7452.944296152315	-4.200563338780165
7561.349867210557	-4.199466798367934
7671.332233608935	-4.209876668690018
7782.914330363799	-4.237474959720699
7896.119426088994	-4.290145945906188
8010.971127848146	-4.375841527387855
8127.49338607753	-4.49858977630174
8245.710499580537	-4.6561267752187
8365.647120594791	-4.841839070348572
8487.328259932974	-5.048788038602699
8610.77929219841	-5.272221896704524
8736.025961076528	-5.509689220431662
8863.094384703289	-5.760014025523957
8992.011061111683	-6.022640743499682
9122.802873757471	-6.297149964352407
9255.497097125279	-6.583006109294607
9390.121402416245	-6.879403502762556
9526.7038633184	-7.185074547440015
9665.272961860968	-7.4982544620498945
9805.857594353829	-7.8164519324476505
9948.487077413367	-8.136796148057837
10093.19115407597	-8.4570440550383
10240.000000000457	-8.776776781209158
10388.944229760706	-9.097160420362252
10540.05490322983	-9.419800104517465
10693.363532057198	-9.74587400548229
10848.902086239672	-10.075887743586478
11006.703000788428	-10.409935401554058
11166.799182492743	-10.747852188043042
11329.224016782166	-11.089129961895914
11494.0113746885	-11.433247612032181
11661.195619909053	-11.779436684219142
11830.811615972614	-12.1262851008827
12002.894733509682	-12.470948369617162
12177.48085762842	-12.808402222946674
12354.606395397908	-13.130318087399727
12534.308283440243	-13.42642289754368
12716.62399563306	-13.686286968536223
12901.591550924093	-13.904969693448344
13089.249521259411	-14.082739052047796
13279.637039626952	-14.21459969465626
13472.793808217073	-14.294841586315476
13668.760106701786	-14.323562928821191
13867.576800634426	-14.306640775396128
14069.285349971487	-14.253967235801053
14273.927817718419	-14.176723913326356
14481.54687870117	-14.084142161903578
14692.18582846533	-13.984164446273322
14905.888592304698	-13.88285742269358
15122.699734421185	-13.784145958253477
15342.664467217943	-13.691646324918068
15565.828660727671	-13.611527797532647
15792.238852178061	-13.554908994301353
16021.942255696367	-13.536120442880138
16254.986772155136	-13.563964285492705
16491.42099916115	-13.633911090191916
16731.294241189662	-13.733048414464934
16974.65651986603	-13.85116892111083
17221.558584396902	-13.983636767199336
17472.051922153143	-14.128843890461537
17726.188769406665	-14.285801573327856
17984.022122223458	-14.450778831887956
18245.605747515034	-14.616596687866274
18510.99419425065	-14.775284577106174
18780.242804832582	-14.92254652158432
19053.40772663689	-15.057804858127527
19330.545923722028	-15.18120397717433
19611.71518870775	-15.28961488568986
19896.974154826825	-15.374571427708801
20186.382308152035	-15.433517920889205
