20	69.214136366461
20.290906698750476	69.22481254458572
20.586044732869844	69.23541848695973
20.885475648548283	69.24585567453477
21.189261887185914	69.25599905914693
21.49746679841394	69.26571417610755
21.810154653305165	69.2748778623281
22.12739065777668	69.28337636537537
22.449240966187475	69.29110963171154
22.77577269513385	69.2980012408148
23.107053937445478	69.3040061038485
23.44315377638505	69.30911368666759
23.784142300054445	69.31334190181227
24.130090616010463	69.31674348399893
24.481070866093134	69.31939918382695
24.837156241469714	69.32139728898345
25.1984209978975	69.32282618332212
25.56494047120865	69.32377358231662
25.936791093020236	69.32431897932882
26.3140504066728	69.32453124193793
26.69679708340074	69.32446821865872
27.08511093873791	69.32417293903858
27.47907294916184	69.32367215402347
27.878765268980047	69.32297066531935
28.284271247461966	69.32205207987234
28.695675446220072	69.32087971051254
29.11306365684382	69.31939731184626
29.536522918790062	69.31752862621883
29.966141537533712	69.31518245127607
30.402009102982383	69.31226968736064
30.844216508158908	69.30870149754762
31.29285596815558	69.30438253817695
31.74802103936409	69.29921139481856
32.20980663898519	69.29307586144726
32.67830906482211	69.28584254225477
33.153626015361866	69.27735149707624
33.63585661014871	69.26743502138538
34.125101410453844	69.2559490878964
34.62146244024586	69.2427860439934
35.12504320746613	69.2278675955281
35.635948725613716	69.21115339622146
36.15428553564419	69.19266444144277
36.68016172818701	69.1724792918405
37.21368696608603	69.1506996173329
37.754972507267915	69.12740019118806
38.30413122794313	69.1026029997685
38.86127764614443	69.07626361122304
39.4265279456077	69.04826522911905
40.000000000000206	69.01844132898998
40.58181339750116	68.98662745612349
41.1720894657399	68.95269625393314
41.77095129709678	68.91653739342023
42.37852377437204	68.87804239684235
42.9949335968281	68.83711486170291
43.62030930661056	68.79369705782425
44.25478131555359	68.74776301289238
44.89848193237519	68.6992964514984
45.55154539026795	68.64830706168058
46.21410787489121	68.59486546801239
46.88630755277036	68.53910139920627
47.56828460010916	68.48121305521978
48.260181232021196	68.42147726239344
48.962141732186545	68.36022582235539
49.674312482939705	68.2977924446977
50.39684199579528	68.23445155496937
51.129880942417586	68.17038071741452
51.873582186040764	68.1056700116143
52.628100813345895	68.04037085621202
53.393594166801776	67.97456098355539
54.17022187747612	67.9083854928526
54.95814589832399	67.84202864650045
55.75753053796041	67.77560482625714
56.56854249492426	67.7090077705932
57.39135089244048	67.64181007011699
58.226127313687975	67.57332040584818
59.073045837580466	67.50277195656557
59.932283075067765	67.42958210075459
60.804018205965114	67.35360433455166
61.68843301631817	67.27523552084124
62.58571193631152	67.19525260974291
63.49604207872855	67.11446487355771
64.41961327797075	67.03340447477554
65.35661812964459	66.9522279611548
66.3072520307241	66.87080008618686
67.27171322029778	66.78884733436945
68.25020282090806	66.7061036976836
69.2429248804921	66.62241988602499
70.25008641493265	66.53781198774016
71.27189745122783	66.45249400132883
72.30857107128878	66.36686921547512
73.36032345637442	66.28146944293573
74.42737393217246	66.19683749729671
75.50994501453623	66.11335308819723
76.60826245588666	66.03109346031357
77.72255529228926	65.94983341665721
78.85305589121582	65.8691550503281
80.00000000000082	65.78858132012954
81.16362679500274	65.7076769662526
82.34417893148023	65.62609740344062
83.541902594194	65.5435811710301
84.75704754874454	65.45993849799585
85.98986719365665	65.37503571133787
87.24061861322157	65.28878373147562
88.50956263110764	65.20114773977964
89.79696386475084	65.11214668340945
91.10309078053635	65.02185778755884
92.42821574978288	64.93043572423773
93.77261510554118	64.83812416828493
95.13656920021877	64.74527092099373
96.52036246404286	64.65230876758274
97.92428346437356	64.55972603644135
99.34862496587989	64.46798436075183
100.79368399159105	64.37736581054982
102.25976188483567	64.2878391875055
103.74716437208203	64.19907712899031
105.25620162669229	64.11059054578699
106.78718833360406	64.02188819805879
108.34044375495276	63.93258237071447
109.9162917966485	63.842456552506725
111.51506107592134	63.75149945825204
113.13708498984903	63.659894663998415
114.78270178488147	63.567986793562056
116.45225462737648	63.476214565832954
118.14609167516147	63.3849841858557
119.86456615013608	63.294509057386136
121.60803641193078	63.20472103144191
123.3768660326369	63.11541233058569
125.17142387262359	63.026402839975866
126.99208415745765	62.93766846148179
128.83922655594208	62.84939832745937
130.71323625928977	62.76196853669722
132.61450406144883	62.67587257610353
134.5434264405962	62.59159964426253
136.50040564181674	62.509546803727
138.48584976098482	62.43000144819948
140.50017282986593	62.35308199611475
142.5437949024563	62.278619170111746
144.61714214257822	62.206140813040314
146.7206469127495	62.13501613553015
148.8547478643456	62.06462692647013
151.01989002907314	61.99446296449982
153.216524911774	61.92416343159773
155.4451105845792	61.85351931803719
157.70611178243232	61.78244486078647
160.00000000000236	61.710947253445106
162.3272535900062	61.63909510140104
164.6883578629612	61.566973242132725
167.08380518838874	61.494682820937186
169.51409509748981	61.42234976589371
171.97973438731407	61.35009534433895
174.4812372264439	61.27800348666509
177.01912526221608	61.206152599698136
179.5939277295025	61.134660269879184
182.20618156107355	61.06368341086649
184.85643149956664	60.99342598145135
187.54523021108326	60.92417367650846
190.27313840043846	60.85630284981693
193.04072492808663	60.79024289976729
195.84856692874806	60.72643895183427
198.69724993176072	60.665314550937545
201.58736798318304	60.60715197589513
204.5195237696723	60.551972203363015
207.49432874416505	60.49955399123821
210.5124032533856	60.44956891852829
213.57437666720915	60.40171737508478
216.68088750990657	60.35578737970603
219.83258359329807	60.31166149339577
223.03012215184378	60.269372303774304
226.2741699796992	60.22908760508403
229.5654035697641	60.191039099800335
232.90450925475412	60.15545928293605
236.2921833503241	60.122550666084244
239.72913230027333	60.0923981098246
243.21607282386276	60.06492410354305
246.75373206527502	60.03996028955367
250.34284774524843	60.017350513588596
253.9841683149166	59.996931698690986
257.67845311188546	59.9785253261979
261.42647251858085	59.96197577010059
265.22900812289896	59.947206308666715
269.08685288119375	59.93419718809677
273.0008112836349	59.92293087719183
276.97169952197106	59.913365718929235
281.00034565973334	59.905465027965036
285.0875898049141	59.89914305156465
289.23428428515797	59.894237962579815
293.44129382550057	59.89056535909955
297.7094957286928	59.88798834549762
302.0397800581479	59.88643810559993
306.4330498235497	59.88588887877324
310.89022116916016	59.886328400443894
315.41222356486645	59.88774758020312
320.00000000000654	59.89010341385209
324.6545071800142	59.893304054870846
329.3767157259242	59.89724784675071
334.16761037677935	59.901871086314955
339.02819019498156	59.907146378594426
343.95946877463007	59.91307438331359
348.9624744528898	59.91964475712172
354.03825052443415	59.92681404993226
359.187855459007	59.93451940619834
364.4123631221491	59.942666182725894
369.71286299913527	59.95110220198656
375.0904604221685	59.95969635771683
380.54627680087896	59.96837626522262
386.08144985617537	59.97713113086393
391.6971338574982	59.986003968130525
397.3944998635236	59.99508677120231
403.1747359663683	60.00447910620469
409.0390475393468	60.0142505188844
414.9886574883323	60.02443955165278
421.0248065067734	60.0350613137295
427.1487533344206	60.0461336590057
433.3617750198154	60.057683663531336
439.6651671865984	60.069721358899784
446.06024430368984	60.08226242476334
452.54833995940066	60.095345688859815
459.13080713953053	60.10899261224091
465.8090185095106	60.12318679559573
472.58436670065066	60.137889529848145
479.45826460054917	60.15306390353169
486.432145647728	60.16865067898876
493.50746413055253	60.184523538105424
500.6856954904994	60.20054974551286
507.9683366298358	60.21667221318279
515.3569062237735	60.23297491188843
522.8529450371643	60.249600038299114
530.4580162458005	60.26664582179093
538.1737057623901	60.28408593914473
546.0016225672724	60.30175844393652
553.9433990439449	60.31940274768618
562.0006913194694	60.33684894961831
570.1751796098309	60.35414405259518
578.4685685703187	60.37162506454137
586.8825876510039	60.38988063917564
595.4189914573883	60.40955080156951
604.0795601162986	60.43102257636635
612.8660996471021	60.45419905467031
621.780442338323	60.4784857661977
630.8244471297356	60.5031278702622
640.0000000000159	60.5275874052426
649.3090143600314	60.551783612601106
658.7534314518515	60.576000580355625
668.3352207535618	60.60066977056415
678.0563803899662	60.62618375361226
687.9189375492632	60.65275099530793
697.9249489057827	60.68043889698231
708.0765010488715	60.70920868799122
718.3757109180171	60.73892304624216
728.8247262443015	60.769277644959324
739.425725998274	60.79981624823554
750.1809208443404	60.830119387397
761.0925536017613	60.85996531250625
772.1628997123541	60.88949543057727
783.3942677149998	60.91906932553646
794.7889997270506	60.9490937619985
806.34947193274	60.97992038429475
818.0780950786972	61.01173393017122
829.9773149766683	61.04458056932872
842.0496130135506	61.07851558299924
854.2975066688449	61.11364881960996
866.7235500396347	61.150084680233356
879.3303343732008	61.18790058515579
892.1204886073838	61.227195652141745
905.0966799188055	61.26810750012163
918.2616142790653	61.31081432428923
931.6180370190256	61.35550398811432
945.1687334013056	61.402329047471426
958.9165292011028	61.451340495236394
972.8642912954606	61.50227909893626
987.0149282611097	61.554610068260445
1001.3713909810035	61.60775125987474
1015.9366732596762	61.66142982974516
1030.7138124475518	61.71593035797791
1045.7058900743334	61.77203583688685
1060.916032491606	61.830795970143924
1076.3474115247852	61.89303655915254
1092.0032451345498	61.95912913985492
1107.8867980878947	62.0292925321352
1124.0013826389438	62.103832793919764
1140.350359219667	62.18265418955426
1156.9371371406426	62.264936033363085
1173.765175302013	62.349540793767986
1190.837982914782	62.43582474211068
1208.1591202326028	62.523909761748136
1225.73219929421	62.61466917700841
1243.5608846766518	62.70953093787745
1261.648894259477	62.80966006596112
1280.0000000000375	62.914844066764005
1298.6180287200684	63.023837190316875
1317.5068629037087	63.13536654867229
1336.6704415071292	63.24855662829634
1356.112760779938	63.36268130866822
1375.8378750985323	63.47688044864043
1395.8498978115715	63.59015314779128
1416.153002097749	63.70203784379878
1436.7514218360407	63.813026452172295
1457.6494524886093	63.92430493028136
1478.8514519965543	64.03759650594101
1500.3618416886875	64.1546616532186
1522.1851072035295	64.27655907901672
1544.3257994247153	64.40318735151072
1566.788535430007	64.53407531880679
1589.5779994541087	64.66930139583388
1612.6989438654878	64.80920966071534
1636.156190157402	64.953834422377
1659.9546299533442	65.10284818297401
1684.099226027109	65.25611474564853
1708.5950133376978	65.41396453299674
1733.4471000792773	65.57656181832496
1758.6606687464096	65.74363194314115
1784.2409772147755	65.91497895126014
1810.193359837619	66.090638565726
1836.5232285581387	66.2707193382479
1863.2360740380593	66.45509462432044
1890.3374668026197	66.64358322996608
1917.833058402214	66.83579996142709
1945.7285825909298	67.03024653820468
1974.0298565222283	67.22347233720721
2002.7427819620161	67.41102429835217
2031.8733465193618	67.59078470134347
2061.4276248951132	67.76489938554364
2091.411780148677	67.93705201466308
2121.832064983222	68.10924694798423
2152.694823049581	68.28202909326207
2184.0064902691106	68.45554051905458
2215.7735961758003	68.62921815206953
2248.002765277899	68.80199163454563
2280.7007184393456	68.97262669436162
2313.874274281297	69.13943139622788
2347.530350604038	69.29939708581723
2381.6759658295764	69.44988648934711
2416.318240465218	69.59148897072393
2451.4643985884327	69.72606541525995
2487.1217693533167	69.85419423479478
2523.2977885189675	69.97521349018031
2560.0000000000887	70.09005079349728
2597.236057440151	70.20018940435122
2635.0137258074315	70.30539624665516
2673.340883014273	70.40432524385409
2712.225521559891	70.49704936399125
2751.6757501970797	70.5831792511836
2791.699795623158	70.6593381688077
2832.3060041955137	70.72213631060754
2873.502843672097	70.7743010011033
2915.2989049772345	70.82101990718984
2957.7029039931244	70.8653686125965
3000.723683377391	70.90688206699305
3044.370214407075	70.94348044303257
3088.6515988494466	70.97402789159456
3133.57707086003	70.99699313636351
3179.1559989082334	71.01058039183938
3225.3978877309914	71.01572275217613
3272.3123803148205	71.01504219624651
3319.9092599067053	71.00937104156806
3368.198452054235	70.99725203275027
3417.190026675413	70.9782422140502
3466.8942001585724	70.95387133714101
3517.3213374928373	70.9245248351954
3568.4819544295697	70.88885731852899
3620.386719675257	70.84661880484242
3673.0464571162966	70.79980244019015
3726.472148076138	70.7505960347561
3780.6749336052594	70.69969315874162
3835.6661168044484	70.64750417270724
3891.45716518188	70.59413603888432
3948.059713044477	70.5388959698966
4005.4855639240527	70.48072819628331
4063.746693038744	70.4188723280356
4122.855249790247	70.35398746634064
4182.823560297375	70.28695225229578
4243.664129966465	70.21789675573598
4305.389646099183	70.14652452064152
4368.012980538242	70.0732272964863
4431.5471923516225	69.99816122953803
4496.00553055582	69.92156154320234
4561.401436878714	69.84335953942977
4627.748548562617	69.76399746834481
4695.060701208099	69.68372644050402
4763.351931659176	69.60223856688903
4832.63648093046	69.51988058932812
4902.928797176889	69.4371519492134
4974.243538706657	69.35582940975657
5046.595577037959	69.27849559667338
5120.000000000202	69.20443584289993
5194.472114880326	69.13093355801641
5270.027451614888	69.05599811726367
5346.6817660285715	68.97908275930654
5424.451043119808	68.90016817243252
5503.351500394186	68.82077704453953
5583.399591246343	68.74326260571321
5664.612008391055	68.66886774114626
5747.005687344222	68.59673921389728
5830.597809954497	68.52514904680173
5915.405807986278	68.45037205304239
6001.447366754812	68.36450687737604
6088.740428814181	68.25983174879674
6177.303197698925	68.14221470618394
6267.154141720092	68.0224561193602
6358.3119978165005	67.90439590174418
6450.795775462017	67.78715341026368
6544.624760629676	67.66848313544685
6639.818519813445	67.54432996005005
6736.396904108505	67.40960403945311
6834.380053350861	67.26307661650965
6933.788400317181	67.1084550922101
7034.642674985712	66.94578349468104
7136.963908859177	66.7699836176299
7240.773439350552	66.57985486284369
7346.092914232631	66.38066303313836
7452.944296152315	66.17923415825824
7561.349867210557	65.97911900084654
7671.332233608935	65.78003221139204
7782.914330363799	65.57983198561337
7896.119426088994	65.37541196559208
8010.971127848146	65.16219074229896
8127.49338607753	64.93576922536057
8245.710499580537	64.69921365581847
8365.647120594791	64.45782272589742
8487.328259932974	64.20853740821573
8610.77929219841	63.947698972882066
8736.025961076528	63.67820599408149
8863.094384703289	63.402522150691404
8992.011061111683	63.12015940117863
9122.802873757471	62.82884880974706
9255.497097125279	62.530580995362946
9390.121402416245	62.22598222335369
9526.7038633184	61.91471073533004
9665.272961860968	61.59667373260662
9805.857594353829	61.27471198635402
9948.487077413367	60.95695314504857
10093.19115407597	60.65213642088573
10240.000000000457	60.357929522984605
10388.944229760706	60.06708679922927
10540.05490322983	59.774101053136626
10693.363532057198	59.47686377108472
10848.902086239672	59.17511871979296
11006.703000788428	58.86925834229703
11166.799182492743	58.560093178765165
11329.224016782166	58.24817627895851
11494.0113746885	57.93333130931903
11661.195619909053	57.62010726161431
11830.811615972614	57.317374245853664
12002.894733509682	57.0305177280397
12177.48085762842	56.748981824710945
12354.606395397908	56.46916328613608
12534.308283440243	56.18797756079368
12716.62399563306	55.90646084221833
12901.591550924093	55.624820947928704
13089.249521259411	55.3425801152629
13279.637039626952	55.066257988310944
13472.793808217073	54.79831357301214
13668.760106701786	54.53405754302402
13867.576800634426	54.271251605917556
14069.285349971487	54.0140254153616
14273.927817718419	53.76307048748705
14481.54687870117	53.51587078967335
14692.18582846533	53.26498159552144
14905.888592304698	53.00062887217469
15122.699734421185	52.71209792043532
15342.664467217943	52.40094271702156
15565.828660727671	52.07604250334696
15792.238852178061	51.736913864152825
16021.942255696367	51.367975155715136
16254.986772155136	50.95659328722704
16491.42099916115	50.51350320795346
16731.294241189662	50.05106843564667
16974.65651986603	49.5518641118349
17221.558584396902	48.99742048598741
17472.051922153143	48.39858642862778
17726.188769406665	47.773965533431976
17984.022122223458	47.11250170064782
18245.605747515034	46.38431823504752
18510.99419425065	45.60765462136331
18780.242804832582	44.8049278110215
19053.40772663689	43.96884040576642
19330.545923722028	43.081433482429844
19611.71518870775	42.19961783486486
19896.974154826825	41.77211634820341
20186.382308152035	41.76738471415841
