20	68.37766013824353
20.290906698750476	68.39668104381586
20.586044732869844	68.4156993222307
20.885475648548283	68.43469538384345
21.189261887185914	68.4536317353396
21.49746679841394	68.47245637179357
21.810154653305165	68.49110662636886
22.12739065777668	68.50951354643249
22.449240966187475	68.52760687757437
22.77577269513385	68.54531943742509
23.107053937445478	68.5625869987637
23.44315377638505	68.57934752852599
23.784142300054445	68.59554123589136
24.130090616010463	68.61111153791153
24.481070866093134	68.62600702258987
24.837156241469714	68.64018448467444
25.1984209978975	68.65361245910809
25.56494047120865	68.66627199022321
25.936791093020236	68.67815241574532
26.3140504066728	68.68924687345456
26.69679708340074	68.69954890521052
27.08511093873791	68.70905017228166
27.47907294916184	68.71773929798965
27.878765268980047	68.72560185494314
28.284271247461966	68.73262197788749
28.695675446220072	68.73878702379172
29.11306365684382	68.74409398987511
29.536522918790062	68.7485572376581
29.966141537533712	68.75221752694466
30.402009102982383	68.75514602732892
30.844216508158908	68.7574190659647
31.29285596815558	68.75907868720182
31.74802103936409	68.76013694875662
32.20980663898519	68.76059518099129
32.67830906482211	68.76046345644153
33.153626015361866	68.7597656743092
33.63585661014871	68.75850752538011
34.125101410453844	68.75665327617806
34.62146244024586	68.75414052132402
35.12504320746613	68.75090480062818
35.635948725613716	68.7469029704221
36.15428553564419	68.74212365002433
36.68016172818701	68.73657992104681
37.21368696608603	68.7302987108982
37.754972507267915	68.72331084706471
38.30413122794313	68.71564209858762
38.86127764614443	68.70730712461845
39.4265279456077	68.69830801045688
40.000000000000206	68.68863440162345
40.58181339750116	68.67826435459017
41.1720894657399	68.66716592259309
41.77095129709678	68.65529951237758
42.37852377437204	68.64262106030155
42.9949335968281	68.62908577105891
43.62030930661056	68.61465079949772
44.25478131555359	68.59927564451243
44.89848193237519	68.58292276314862
45.55154539026795	68.56555918453518
46.21410787489121	68.54715819138521
46.88630755277036	68.52769718185445
47.56828460010916	68.50715179774582
48.260181232021196	68.48549055895083
48.962141732186545	68.46267273928639
49.674312482939705	68.43864893238629
50.39684199579528	68.41336262579586
51.129880942417586	68.38675064741905
51.873582186040764	68.35874221210621
52.628100813345895	68.32925895130802
53.393594166801776	68.29821724159319
54.17022187747612	68.26553176805689
54.95814589832399	68.23111696405633
55.75753053796041	68.19488560365113
56.56854249492426	68.15675341202352
57.39135089244048	68.116652206584
58.226127313687975	68.07454120571356
59.073045837580466	68.03039789742527
59.932283075067765	67.98420381448229
60.804018205965114	67.93593778994611
61.68843301631817	67.88558042135284
62.58571193631152	67.83312189780865
63.49604207872855	67.77856337907438
64.41961327797075	67.72190315434496
65.35661812964459	67.66312791946393
66.3072520307241	67.60219310512902
67.27171322029778	67.53904406671754
68.25020282090806	67.47363401155377
69.2429248804921	67.40591834440923
70.25008641493265	67.33584202531489
71.27189745122783	67.26332344656394
72.30857107128878	67.18828419843516
73.36032345637442	67.1106884336955
74.42737393217246	67.03052410613243
75.50994501453623	66.94778689920874
76.60826245588666	66.86247137588576
77.72255529228926	66.7745995516439
78.85305589121582	66.68424240724016
80.00000000000082	66.59147588002996
81.16362679500274	66.49636365283787
82.34417893148023	66.39896237299608
83.541902594194	66.29931250175795
84.75704754874454	66.19748838982659
85.98986719365665	66.09358792957715
87.24061861322157	65.98772104223728
88.50956263110764	65.88000756827836
89.79696386475084	65.77058894319967
91.10309078053635	65.65965079709075
92.42821574978288	65.5473947149516
93.77261510554118	65.43399682785667
95.13656920021877	65.31960150148123
96.52036246404286	65.20434194918465
97.92428346437356	65.08838001444153
99.34862496587989	64.97185776318211
100.79368399159105	64.85489719496074
102.25976188483567	64.7376118257675
103.74716437208203	64.6200999903656
105.25620162669229	64.50247672433777
106.78718833360406	64.38486294220965
108.34044375495276	64.26737597904325
109.9162917966485	64.1501242583253
111.51506107592134	64.03324604593605
113.13708498984903	63.916942588270416
114.78270178488147	63.80141718673417
116.45225462737648	63.68685894551188
118.14609167516147	63.573408179600776
119.86456615013608	63.46117107202068
121.60803641193078	63.35027501521983
123.3768660326369	63.24085531694373
125.17142387262359	63.13305627514375
126.99208415745765	63.02703151058374
128.83922655594208	62.92292597001808
130.71323625928977	62.82088601313719
132.61450406144883	62.72101183695153
134.5434264405962	62.62333834285373
136.50040564181674	62.527849867188294
138.48584976098482	62.43455234830834
140.50017282986593	62.34352536274879
142.5437949024563	62.25486194890911
144.61714214257822	62.16862190478797
146.7206469127495	62.0848124157825
148.8547478643456	62.00343406302127
151.01989002907314	61.92451590659165
153.216524911774	61.84807440239856
155.4451105845792	61.77411628344528
157.70611178243232	61.702656362405286
160.00000000000236	61.63374232569516
162.3272535900062	61.56747419924725
164.6883578629612	61.50398640251389
167.08380518838874	61.44341761910839
169.51409509748981	61.385881230408856
171.97973438731407	61.33143029268613
174.4812372264439	61.28010773591352
177.01912526221608	61.231995234802
179.5939277295025	61.18718880185339
182.20618156107355	61.14577124007593
184.85643149956664	61.10777146592945
187.54523021108326	61.07317003888423
190.27313840043846	61.04192626930835
193.04072492808663	61.013986779556106
195.84856692874806	60.989265797774976
198.69724993176072	60.967645668463106
201.58736798318304	60.948994313290385
204.5195237696723	60.933177441744895
207.49432874416505	60.92006402074814
210.5124032533856	60.90953573376592
213.57437666720915	60.9014937202667
216.68088750990657	60.89585719442571
219.83258359329807	60.892553150156544
223.03012215184378	60.89149708728965
226.2741699796992	60.892572869195476
229.5654035697641	60.895639526323066
232.90450925475412	60.90055076012433
236.2921833503241	60.907171142696185
239.72913230027333	60.915386461338635
243.21607282386276	60.92510846992663
246.75373206527502	60.93627425183433
250.34284774524843	60.94884031758946
253.9841683149166	60.96277206787147
257.67845311188546	60.97803470584823
261.42647251858085	60.994596942948206
265.22900812289896	61.01243468702644
269.08685288119375	61.03153054471553
273.0008112836349	61.05186933798101
276.97169952197106	61.07343034075863
281.00034565973334	61.09617543081922
285.0875898049141	61.12003456830389
289.23428428515797	61.14490435164849
293.44129382550057	61.17068377066804
297.7094957286928	61.197297525428645
302.0397800581479	61.22467543452223
306.4330498235497	61.25271896205931
310.89022116916016	61.2812770813996
315.41222356486645	61.310173615545665
320.00000000000654	61.339253215917815
324.6545071800142	61.36839629098188
329.3767157259242	61.39752072882194
334.16761037677935	61.42656186520355
339.02819019498156	61.45544548149031
343.95946877463007	61.48407790083619
348.9624744528898	61.51239103681999
354.03825052443415	61.54035981797935
359.187855459007	61.567965274942054
364.4123631221491	61.595147535693805
369.71286299913527	61.62177995288441
375.0904604221685	61.64771725631404
380.54627680087896	61.672832683041285
386.08144985617537	61.69699377506338
391.6971338574982	61.7200281340765
397.3944998635236	61.74171361762993
403.1747359663683	61.7618476401569
409.0390475393468	61.78031632727601
414.9886574883323	61.797079845530014
421.0248065067734	61.81214517679228
427.1487533344206	61.82555026089903
433.3617750198154	61.83735663456209
439.6651671865984	61.847635744283
446.06024430368984	61.85644430757269
452.54833995940066	61.86380545125287
459.13080713953053	61.86970031914892
465.8090185095106	61.874070538263275
472.58436670065066	61.876832233856966
479.45826460054917	61.877902595113596
486.432145647728	61.87724022024461
493.50746413055253	61.87488376509276
500.6856954904994	61.87093476963169
507.9683366298358	61.86551975350735
515.3569062237735	61.85875877470644
522.8529450371643	61.85074388568455
530.4580162458005	61.841527035315536
538.1737057623901	61.83111715618268
546.0016225672724	61.81948646899438
553.9433990439449	61.806583278664505
562.0006913194694	61.79233941978305
570.1751796098309	61.77667275196897
578.4685685703187	61.75949733754302
586.8825876510039	61.740745486567555
595.4189914573883	61.72039502451563
604.0795601162986	61.6984664750278
612.8660996471021	61.674976740735765
621.780442338323	61.649900328718914
630.8244471297356	61.623179547809265
640.0000000000159	61.59476387194098
649.3090143600314	61.56464238258925
658.7534314518515	61.53278518914256
668.3352207535618	61.49906558079969
678.0563803899662	61.46332139098456
687.9189375492632	61.42545964780189
697.9249489057827	61.38549615731386
708.0765010488715	61.34344447474053
718.3757109180171	61.299268430468295
728.8247262443015	61.25293322005405
739.425725998274	61.20455594580505
750.1809208443404	61.154499340296354
761.0925536017613	61.10322427354518
772.1628997123541	61.05118567178737
783.3942677149998	60.99871638406229
794.7889997270506	60.94620239697328
806.34947193274	60.894267715813875
818.0780950786972	60.84357418924428
829.9773149766683	60.794744418680786
842.0496130135506	60.74835385131751
854.2975066688449	60.70503315662287
866.7235500396347	60.66563963065352
879.3303343732008	60.631185521081456
892.1204886073838	60.60256793325016
905.0966799188055	60.580514549194795
918.2616142790653	60.56569013250919
931.6180370190256	60.558812854157985
945.1687334013056	60.56066551068794
958.9165292011028	60.57196201920118
972.8642912954606	60.59316322880405
987.0149282611097	60.624589698388995
1001.3713909810035	60.666528540622366
1015.9366732596762	60.719168835729725
1030.7138124475518	60.78236429937401
1045.7058900743334	60.855469194577886
1060.916032491606	60.93768646655198
1076.3474115247852	61.028345420703005
1092.0032451345498	61.12677746318742
1107.8867980878947	61.232025031894025
1124.0013826389438	61.3428570086749
1140.350359219667	61.45790710367726
1156.9371371406426	61.57608030560442
1173.765175302013	61.69646839720459
1190.837982914782	61.81820588734059
1208.1591202326028	61.94067521035731
1225.73219929421	62.063398539616045
1243.5608846766518	62.18610297102412
1261.648894259477	62.308180743503065
1280.0000000000375	62.42877349291342
1298.6180287200684	62.547095765059986
1317.5068629037087	62.662781959303096
1336.6704415071292	62.77560413137542
1356.112760779938	62.88489046306268
1375.8378750985323	62.989715787326105
1395.8498978115715	63.08964477072037
1416.153002097749	63.18495318879951
1436.7514218360407	63.27656835211781
1457.6494524886093	63.36546517354692
1478.8514519965543	63.45230365626732
1500.3618416886875	63.5376567468409
1522.1851072035295	63.62211218645142
1544.3257994247153	63.707134160974405
1566.788535430007	63.79399947044858
1589.5779994541087	63.88286609793446
1612.6989438654878	63.97379162116356
1636.156190157402	64.06750910552972
1659.9546299533442	64.16547833588317
1684.099226027109	64.26875205138529
1708.5950133376978	64.37718501955605
1733.4471000792773	64.4911111944659
1758.6606687464096	64.61171549196014
1784.2409772147755	64.74054501195786
1810.193359837619	64.87831163648417
1836.5232285581387	65.02436992477718
1863.2360740380593	65.17834098156116
1890.3374668026197	65.34116796085151
1917.833058402214	65.5145050255765
1945.7285825909298	65.69876702842234
1974.0298565222283	65.89315092395101
2002.7427819620161	66.09684945667509
2031.8733465193618	66.30973676159616
2061.4276248951132	66.53132337102552
2091.411780148677	66.75961683948734
2121.832064983222	66.99261123796047
2152.694823049581	67.22841330768281
2184.0064902691106	67.46471891735217
2215.7735961758003	67.69835051607876
2248.002765277899	67.92738819496785
2280.7007184393456	68.15126696701198
2313.874274281297	68.36820458328764
2347.530350604038	68.57671068464782
2381.6759658295764	68.77636663182805
2416.318240465218	68.96836532823866
2451.4643985884327	69.15179595153649
2487.1217693533167	69.32391455365946
2523.2977885189675	69.48221305958042
2560.0000000000887	69.62560321330022
2597.236057440151	69.75303312521457
2635.0137258074315	69.86351219455375
2673.340883014273	69.95685246315064
2712.225521559891	70.03355265987395
2751.6757501970797	70.09448950808907
2791.699795623158	70.14050337544462
2832.3060041955137	70.17236131228366
2873.502843672097	70.19056702025286
2915.2989049772345	70.19463309709846
2957.7029039931244	70.18337555708955
3000.723683377391	70.15590679803329
3044.370214407075	70.11110388088444
3088.6515988494466	70.04795088650646
3133.57707086003	69.96639809057258
3179.1559989082334	69.86636515099985
3225.3978877309914	69.747736224381
3272.3123803148205	69.61263027297962
3319.9092599067053	69.46442147347291
3368.198452054235	69.3040037926346
3417.190026675413	69.12943010203476
3466.8942001585724	68.93921904244394
3517.3213374928373	68.73409623552027
3568.4819544295697	68.51505643942498
3620.386719675257	68.28292019338669
3673.0464571162966	68.04129238683826
3726.472148076138	67.79616411776038
3780.6749336052594	67.55062714466304
3835.6661168044484	67.30243618908676
3891.45716518188	67.05314390713471
3948.059713044477	66.80747531906309
4005.4855639240527	66.56805629903293
4063.746693038744	66.33367527305333
4122.855249790247	66.10844109376195
4182.823560297375	65.89711147394695
4243.664129966465	65.69773916578804
4305.389646099183	65.50799947523343
4368.012980538242	65.33021658674244
4431.5471923516225	65.1647640692245
4496.00553055582	65.0080086541785
4561.401436878714	64.85643517923663
4627.748548562617	64.71087802578677
4695.060701208099	64.57161099699577
4763.351931659176	64.43676768230898
4832.63648093046	64.30176199086002
4902.928797176889	64.1623322450256
4974.243538706657	64.02104821928887
5046.595577037959	63.88136631979888
5120.000000000202	63.74418934605932
5194.472114880326	63.60384268903984
5270.027451614888	63.45751711538863
5346.6817660285715	63.30758666825772
5424.451043119808	63.15982522391453
5503.351500394186	63.01516738959563
5583.399591246343	62.87180109252186
5664.612008391055	62.73342732361488
5747.005687344222	62.60394614485741
5830.597809954497	62.48445126628628
5915.405807986278	62.372449491894976
6001.447366754812	62.269936430271265
6088.740428814181	62.18370872024419
6177.303197698925	62.11807513805118
6267.154141720092	62.07535427385377
6358.3119978165005	62.05055948715359
6450.795775462017	62.038098988477465
6544.624760629676	62.0358836979381
6639.818519813445	62.04331209895301
6736.396904108505	62.0582054586659
6834.380053350861	62.07922747349049
6933.788400317181	62.106756459785416
7034.642674985712	62.140216725852184
7136.963908859177	62.17445484803441
7240.773439350552	62.20240088115157
7346.092914232631	62.21621629181075
7452.944296152315	62.208162473220725
7561.349867210557	62.17454855831722
7671.332233608935	62.110222589578534
7782.914330363799	62.00921338816961
7896.119426088994	61.86884989758556
8010.971127848146	61.68679928987273
8127.49338607753	61.455125380807175
8245.710499580537	61.183576156900564
8365.647120594791	60.87984594224524
8487.328259932974	60.541728116265936
8610.77929219841	60.16938973800883
8736.025961076528	59.76657512739833
8863.094384703289	59.34672884918873
8992.011061111683	58.921359756747364
9122.802873757471	58.494283818265394
9255.497097125279	58.06279841500877
9390.121402416245	57.62206278529158
9526.7038633184	57.17533935561991
9665.272961860968	56.74044236785852
9805.857594353829	56.3223610634375
9948.487077413367	55.920704258021175
10093.19115407597	55.52163115275425
10240.000000000457	55.10805080075696
10388.944229760706	54.66693716690466
10540.05490322983	54.18590619431089
10693.363532057198	53.665932180079785
10848.902086239672	53.12117247598649
11006.703000788428	52.591961183321565
11166.799182492743	52.12246377346592
11329.224016782166	51.74569183533553
11494.0113746885	51.49239427053794
11661.195619909053	51.374236291454565
11830.811615972614	51.378957752220884
12002.894733509682	51.502900120559495
12177.48085762842	51.740457720127075
12354.606395397908	52.070450646788345
12534.308283440243	52.43651694884113
12716.62399563306	52.80550899235336
12901.591550924093	53.1655089070823
13089.249521259411	53.49992674662651
13279.637039626952	53.78455998906081
13472.793808217073	54.02011567563305
13668.760106701786	54.22138815562115
13867.576800634426	54.37637109617284
14069.285349971487	54.46937043117792
14273.927817718419	54.529499946532205
14481.54687870117	54.580689365079685
14692.18582846533	54.62769223230943
14905.888592304698	54.66389738804369
15122.699734421185	54.68698067765153
15342.664467217943	54.70420700444973
15565.828660727671	54.71650068994304
15792.238852178061	54.71417040068941
16021.942255696367	54.691479049576685
16254.986772155136	54.65984712745139
16491.42099916115	54.61706011487742
16731.294241189662	54.53340093105122
16974.65651986603	54.38423056965218
17221.558584396902	54.195633196560216
17472.051922153143	53.977992711892526
17726.188769406665	53.69689644832673
17984.022122223458	53.33926143300096
18245.605747515034	52.98852888774326
18510.99419425065	52.65961931778884
18780.242804832582	52.30402077184741
19053.40772663689	52.01764628450323
19330.545923722028	51.94855154970078
19611.71518870775	51.99533007569186
19896.974154826825	52.0258827515331
20186.382308152035	52.03067648656986