* Exported with UsyTrace, available at https://usyless.uk/trace
* Freq(Hz)	SPL(dB)
20.000000	67.533607
20.290907	67.533607
20.586045	67.533607
20.885476	67.547763
21.189262	67.575322
21.497467	67.571975
21.810155	67.563680
22.127391	67.555266
22.449241	67.546728
22.775773	67.538067
23.107054	67.531125
23.443154	67.526011
23.784142	67.520823
24.130091	67.515559
24.481071	67.510219
24.837156	67.504801
25.198421	67.499305
25.564940	67.493728
25.936791	67.488058
26.314050	67.481461
26.696797	67.474769
27.085111	67.467979
27.479073	67.461090
27.878765	67.454101
28.284271	67.447010
28.695675	67.438195
29.113064	67.426801
29.536523	67.415242
29.966142	67.403514
30.402009	67.390899
30.844217	67.377293
31.292856	67.363490
31.748021	67.349443
32.209807	67.334973
32.678309	67.320292
33.153626	67.305296
33.635857	67.288574
34.125101	67.271609
34.621462	67.252730
35.125043	67.230794
35.635949	67.205823
36.154286	67.174376
36.680162	67.146446
37.213687	67.118887
37.754973	67.091452
38.304131	67.061798
38.861278	67.031059
39.426528	67.006745
40.000000	66.981483
40.581813	66.954032
41.172089	66.916751
41.770951	66.866604
42.378524	66.819703
42.994934	66.775735
43.620309	66.724416
44.254781	66.669412
44.898482	66.616523
45.551545	66.570880
46.214108	66.515939
46.886308	66.451830
47.568285	66.393675
48.260181	66.328320
48.962142	66.262241
49.674312	66.204137
50.396842	66.140693
51.129881	66.069440
51.873582	65.984253
52.628101	65.910992
53.393594	65.837706
54.170222	65.749264
54.958146	65.675960
55.757531	65.587530
56.568542	65.481719
57.391351	65.394505
58.226127	65.284600
59.073046	65.151942
59.932283	65.041999
60.804018	64.950853
61.688433	64.877586
62.585712	64.780395
63.496042	64.670431
64.419613	64.560533
65.356618	64.427874
66.307252	64.340663
67.271713	64.253451
68.250203	64.120787
69.242925	63.988121
70.250086	63.855473
71.271897	63.722825
72.308571	63.612902
73.360323	63.480240
74.427374	63.347576
75.509945	63.214015
76.608262	63.096516
77.722555	62.995062
78.853056	62.862413
80.000000	62.707029
81.163627	62.569220
82.344179	62.464454
83.541903	62.331798
84.757048	62.182339
85.989867	62.053382
87.240619	61.933818
88.509563	61.846605
89.796964	61.713939
91.103091	61.582977
92.428216	61.454024
93.772615	61.315987
95.136569	61.228787
96.520362	61.112594
97.924283	60.986179
99.348625	60.876275
100.793684	60.764711
102.259762	60.676282
103.747164	60.569198
105.256202	60.459274
106.787188	60.349320
108.340444	60.246804
109.916292	60.173484
111.515061	60.087714
113.137085	59.996626
114.782702	59.893029
116.452255	59.804582
118.146092	59.738921
119.864566	59.673158
121.608036	59.584729
123.376866	59.496300
125.171424	59.423035
126.992084	59.369079
128.839227	59.318209
130.713236	59.263203
132.614504	59.190486
134.543426	59.117179
136.500406	59.061928
138.485850	59.025253
140.500173	58.988476
142.543795	58.944508
144.617142	58.889838
146.720647	58.838448
148.854748	58.794471
151.019890	58.750494
153.216525	58.706515
155.445111	58.665638
157.706112	58.638211
160.000000	58.613683
162.327254	58.591697
164.688358	58.567125
167.083805	58.539587
169.514095	58.519677
171.979734	58.501336
174.481237	58.483820
177.019125	58.468255
179.593928	58.452464
182.206182	58.438803
184.856431	58.427989
187.545230	58.417018
190.273138	58.405887
193.040725	58.396331
195.848567	58.390645
198.697250	58.384877
201.587368	58.379025
204.519524	58.373087
207.494329	58.367063
210.512403	58.360952
213.574377	58.354752
216.680888	58.356187
219.832584	58.361743
223.030122	58.367380
226.274170	58.373098
229.565404	58.378900
232.904509	58.384786
236.292183	58.390758
239.729132	58.396817
243.216073	58.404096
246.753732	58.411768
250.342848	58.419550
253.984168	58.427447
257.678453	58.435457
261.426473	58.443635
265.229008	58.456336
269.086853	58.469222
273.000811	58.482295
276.971700	58.496091
281.000346	58.510631
285.087590	58.525382
289.234284	58.540503
293.441294	58.556082
297.709496	58.571888
302.039780	58.590757
306.433050	58.612732
310.890221	58.632529
315.412224	58.649341
320.000000	58.666397
324.654507	58.684268
329.376716	58.702590
334.167610	58.721983
339.028190	58.743884
343.959469	58.765973
348.962474	58.787853
354.038251	58.809699
359.187855	58.829541
364.412363	58.849671
369.712863	58.873363
375.090460	58.897943
380.546277	58.922221
386.081450	58.947180
391.697134	58.974587
397.394500	59.010074
403.174736	59.050740
409.039048	59.084345
414.988657	59.106228
421.024807	59.128684
427.148753	59.153011
433.361775	59.180955
439.665167	59.217961
446.060244	59.261791
452.548340	59.286071
459.130807	59.310607
465.809019	59.334936
472.584367	59.362941
479.458265	59.400493
486.432146	59.451391
493.507464	59.488087
500.685695	59.524670
507.968337	59.574893
515.356906	59.628299
522.852945	59.664924
530.458016	59.691143
538.173706	59.715718
546.001623	59.746919
553.943399	59.785095
562.000691	59.829068
570.175180	59.869585
578.468569	59.906263
586.882588	59.942964
595.418991	59.979546
604.079560	60.016158
612.866100	60.052801
621.780442	60.089474
630.824447	60.126177
640.000000	60.162772
649.309014	60.213891
658.753431	60.246132
668.335221	60.272681
678.056380	60.294661
687.918938	60.317760
697.924949	60.342194
708.076501	60.373783
718.375711	60.406216
728.824726	60.430615
739.425726	60.452887
750.180921	60.472830
761.092554	60.494509
772.162900	60.521945
783.394268	60.558639
794.789000	60.593944
806.349472	60.621504
818.078095	60.648891
829.977315	60.676448
842.049613	60.703886
854.297507	60.731353
866.723550	60.758929
879.330334	60.794683
892.120489	60.843607
905.096680	60.878681
918.261614	60.907352
931.618037	60.931768
945.168733	60.959927
958.916529	60.993462
972.864291	61.048394
987.014928	61.103350
1001.371391	61.158330
1015.936673	61.204722
1030.713812	61.256928
1045.705890	61.313571
1060.916032	61.386847
1076.347412	61.460124
1092.003245	61.515466
1107.886798	61.576433
1124.001383	61.662063
1140.350359	61.749262
1156.937137	61.826558
1173.765175	61.899346
1190.837983	61.954271
1208.159120	62.029924
1225.732199	62.117122
1243.560885	62.227047
1261.648894	62.314259
1280.000000	62.400209
1298.618029	62.488689
1317.506863	62.598587
1336.670442	62.708533
1356.112761	62.799393
1375.837875	62.872657
1395.849898	62.947431
1416.153002	63.080097
1436.751422	63.189997
1457.649452	63.299944
1478.851452	63.375445
1500.361842	63.474343
1522.185107	63.606996
1544.325799	63.739651
1566.788535	63.872308
1589.577999	63.959515
1612.698944	64.069455
1636.156190	64.224837
1659.954630	64.357501
1684.099226	64.512863
1708.595013	64.622822
1733.447100	64.778178
1758.660669	64.956288
1784.240977	65.098652
1810.193360	65.267064
1836.523229	65.402035
1863.236074	65.621899
1890.337467	65.796302
1917.833058	66.016160
1945.728583	66.190570
1974.029857	66.410435
2002.742782	66.630304
2031.873347	66.850171
2061.427625	67.070024
2091.411780	67.289881
2121.832065	67.555192
2152.694823	67.775057
2184.006490	67.994924
2215.773596	68.214794
2248.002765	68.480098
2280.700718	68.699954
2313.874274	68.919814
2347.530351	69.139678
2381.675966	69.359545
2416.318240	69.556391
2451.464399	69.708369
2487.121769	69.912608
2523.297789	70.090719
2560.000000	70.246097
2597.236057	70.356046
2635.013726	70.488711
2673.340883	70.618487
2712.225522	70.731270
2751.675750	70.829453
2791.699796	70.889933
2832.306004	70.945764
2873.502844	70.995539
2915.298905	71.013777
2957.702904	71.032280
3000.723683	71.016174
3044.370214	70.997799
3088.651599	70.962382
3133.577071	70.895672
3179.155999	70.807825
3225.397888	70.733991
3272.312380	70.656162
3319.909260	70.546230
3368.198452	70.430113
3417.190027	70.280924
3466.894200	70.125512
3517.321337	69.970159
3568.481954	69.777921
3620.386720	69.603510
3673.046457	69.390373
3726.472148	69.254678
3780.674934	69.080261
3835.666117	68.860408
3891.457165	68.640551
3948.059713	68.477122
4005.485564	68.291728
4063.746693	68.117310
4122.855250	67.897440
4182.823560	67.719229
4243.664130	67.548632
4305.389646	67.340306
4368.012981	67.154359
4431.547192	66.979942
4496.005531	66.850973
4561.401437	66.676569
4627.748549	66.517952
4695.060701	66.339841
4763.351932	66.207179
4832.636481	66.074515
4902.928797	65.940858
4974.243539	65.809198
5046.595577	65.659287
5120.000000	65.585989
5194.472115	65.479419
5270.027452	65.369498
5346.681766	65.259540
5424.451043	65.171618
5503.351500	65.104992
5583.399591	65.040212
5664.612008	64.966951
5747.005687	64.905982
5830.597810	64.839667
5915.405808	64.789113
6001.447367	64.745138
6088.740429	64.705338
6177.303198	64.673881
6267.154142	64.664751
6358.311998	64.658483
6450.795775	64.652124
6544.624761	64.645672
6639.818520	64.639127
6736.396904	64.632486
6834.380053	64.625749
6933.788400	64.619479
7034.642675	64.613213
7136.963909	64.606857
7240.773439	64.600408
7346.092914	64.593865
7452.944296	64.587227
7561.349867	64.580492
7671.332234	64.549091
7782.914330	64.490854
7896.119426	64.417607
8010.971128	64.317670
8127.493386	64.225566
8245.710500	64.116214
8365.647121	63.942404
8487.328260	63.767389
8610.779292	63.592983
8736.025961	63.418575
8863.094385	63.198712
8992.011061	62.978846
9122.802874	62.714687
9255.497097	62.539117
9390.121402	62.319262
9526.703863	62.099403
9665.272962	61.879541
9805.857594	61.659675
9948.487077	61.439806
10093.191154	61.174494
10240.000000	60.954639
10388.944230	60.734781
10540.054903	60.469469
10693.363532	60.249603
10848.902086	59.986551
11006.703001	59.809870
11166.799182	59.590016
11329.224017	59.370159
11494.011375	59.150297
11661.195620	58.930433
11830.811616	58.710564
12002.894734	58.512578
12177.480858	58.316294
12354.606395	58.179076
12534.308283	58.000976
12716.623996	57.838515
12901.591551	57.664097
13089.249521	57.549893
13279.637040	57.424907
13472.793808	57.277222
13668.760107	57.136861
13867.576801	56.981473
14069.285350	56.894259
14273.927818	56.761364
14481.546879	56.606244
14692.185828	56.458006
14905.888592	56.318198
15122.699734	56.200085
15342.664467	56.030147
15565.828661	55.852031
15792.238852	55.696680
16021.942256	55.564022
16254.986772	55.385911
16491.420999	55.199068
16731.294241	55.024653
16974.656520	54.806117
17221.558584	54.675825
17472.051922	54.455970
17726.188769	54.236111
17984.022122	54.016249
18245.605748	53.841834
18510.994194	53.576514
18780.242805	53.311201
19053.407727	53.091347
19330.545924	53.034875
19611.715189	53.034875
19896.974155	53.034875
20186.382308	53.034875
