20	-0.3265428055641599
20.290906698750476	-0.3478584623766994
20.586044732869844	-0.3691749505539954
20.885475648548283	-0.39049358162640213
21.189261887185914	-0.4118161526223284
21.49746679841394	-0.433144844656622
21.810154653305165	-0.45448213618258565
22.12739065777668	-0.47583073014899535
22.449240966187475	-0.497193494120196
22.77577269513385	-0.5185734122977884
23.107053937445478	-0.5399735483159539
23.44315377638505	-0.5613970176593782
23.784142300054445	-0.5828469685643347
24.130090616010463	-0.6043265703020461
24.481070866093134	-0.6258390078022112
24.837156241469714	-0.6473874816477901
25.1984209978975	-0.6689752125547802
25.56494047120865	-0.6906054495387819
25.936791093020236	-0.7122814810601592
26.3140504066728	-0.734006648528929
26.69679708340074	-0.7557843616369883
27.08511093873791	-0.7776181150673608
27.47907294916184	-0.7995115062065982
27.878765268980047	-0.8214682535566072
28.284271247461966	-0.8434922156054677
28.695675446220072	-0.8655874099730776
29.11306365684382	-0.887758032696739
29.536522918790062	-0.9100084775642057
29.966141537533712	-0.9323433554375874
30.402009102982383	-0.954767513541162
30.844216508158908	-0.9772860547100983
31.29285596815558	-0.9999043566157214
31.74802103936409	-1.022628090996788
32.20980663898519	-1.0454632429357698
32.67830906482211	-1.0684161302247417
33.153626015361866	-1.091493422867703
33.63585661014871	-1.1147021627652856
34.125101410453844	-1.138049783624296
34.62146244024586	-1.1615441311286487
35.12504320746613	-1.1851934834002926
35.635948725613716	-1.2090065717689509
36.15428553564419	-1.2329926018580784
36.68016172818701	-1.2571612749815786
37.21368696608603	-1.2815228098316336
37.754972507267915	-1.3060879644226016
38.30413122794313	-1.3308680582394468
38.86127764614443	-1.3558749945215731
39.4265279456077	-1.3811212825943975
40.000000000000206	-1.4066200601414751
40.58181339750116	-1.4323851152895424
41.1720894657399	-1.4584309083575433
41.77095129709678	-1.4847725930985167
42.37852377437204	-1.5114260372402466
42.9949335968281	-1.5384078421068246
43.62030930661056	-1.565735361078798
44.25478131555359	-1.5934267166244316
44.89848193237519	-1.621500815608899
45.55154539026795	-1.6499773625619132
46.21410787489121	-1.6788768705576116
46.88630755277036	-1.7082206693333613
47.56828460010916	-1.7380309102467009
48.260181232021196	-1.7683305676419132
48.962141732186545	-1.799143436169695
49.674312482939705	-1.8304941235751748
50.39684199579528	-1.862408038440981
51.129880942417586	-1.894911372343145
51.873582186040764	-1.9280310758482038
52.628100813345895	-1.961794827749776
53.393594166801776	-1.9962309969117678
54.17022187747612	-2.0313685960530283
54.95814589832399	-2.067237226774275
55.75753053796041	-2.1038670150919576
56.56854249492426	-2.141288536705105
57.39135089244048	-2.179532731179549
58.226127313687975	-2.2186308041889187
59.073045837580466	-2.258614116903079
59.932283075067765	-2.29951406156232
60.804018205965114	-2.341361922219765
61.68843301631817	-2.3841887195758447
62.58571193631152	-2.4280250387686886
63.49604207872855	-2.472900838925105
64.41961327797075	-2.5188452432216186
65.35661812964459	-2.565886308158571
66.3072520307241	-2.614050770718812
67.27171322029778	-2.6633637720743764
68.25020282090806	-2.713848556530558
69.2429248804921	-2.765526144470683
70.25008641493265	-2.8184149782034043
71.27189745122783	-2.8725305398384426
72.30857107128878	-2.9278849406506753
73.36032345637442	-2.9844864818660426
74.42737393217246	-3.042339187449293
75.50994501453623	-3.101442310332061
76.60826245588666	-3.161789814633379
77.72255529228926	-3.2233698378410693
78.85305589121582	-3.2861641386927065
80.00000000000082	-3.3501475386725676
81.16362679500274	-3.4152873676803224
82.34417893148023	-3.481542927580548
83.541902594194	-3.5488649910569783
84.75704754874454	-3.617195357509922
85.98986719365665	-3.686466492673468
87.24061861322157	-3.7566012841941374
88.50956263110764	-3.827512951579125
89.79696386475084	-3.8991051556270278
91.10309078053635	-3.971272359585242
92.42821574978288	-4.04390050166366
93.77261510554118	-4.1168680459264815
95.13656920021877	-4.1900474856459065
96.52036246404286	-4.263307379489367
97.92428346437356	-4.336515005858882
99.34862496587989	-4.409539723598202
100.79368399159105	-4.482257127264349
102.25976188483567	-4.554553407207763
103.74716437208203	-4.626327502980449
105.25620162669229	-4.697491719041167
106.78718833360406	-4.767972374336669
108.34044375495276	-4.837709329740169
109.9162917966485	-4.906654810615458
111.51506107592134	-4.974771933989353
113.13708498984903	-5.042033582456467
114.78270178488147	-5.108420842813196
116.45225462737648	-5.1739209170374405
118.14609167516147	-5.238525370161871
119.86456615013608	-5.302228619814064
121.60803641193078	-5.365025829896782
123.3768660326369	-5.426910841739792
125.17142387262359	-5.487874040263703
126.99208415745765	-5.547899814209167
128.83922655594208	-5.606965833810954
130.71323625928977	-5.665043352513025
132.61450406144883	-5.722099300978568
134.5434264405962	-5.778097807874052
136.50040564181674	-5.833001391035832
138.48584976098482	-5.8867720750123596
140.50017282986593	-5.939372717755651
142.5437949024563	-5.990768838611177
144.61714214257822	-6.040928763143538
146.7206469127495	-6.089824321758616
148.8547478643456	-6.137431571353569
151.01989002907314	-6.183730430862976
153.216524911774	-6.228704401002601
155.4451105845792	-6.272341576439823
157.70611178243232	-6.314635834553282
160.00000000000236	-6.35558704726545
162.3272535900062	-6.395201228694707
164.6883578629612	-6.4334906358793305
167.08380518838874	-6.47047291381129
169.51409509748981	-6.506170210519224
171.97973438731407	-6.540608582456032
174.4812372264439	-6.573817702527748
177.01912526221608	-6.605830550894935
179.5939277295025	-6.636682432899935
182.20618156107355	-6.666410946036024
184.85643149956664	-6.6950552331288495
187.54523021108326	-6.722655166944339
190.27313840043846	-6.749250784970974
193.04072492808663	-6.774881611700376
195.84856692874806	-6.7995847933237785
198.69724993176072	-6.823393416676668
201.58736798318304	-6.846336073924084
204.5195237696723	-6.868435893921927
207.49432874416505	-6.8897108748932485
210.5124032533856	-6.910174824988409
213.57437666720915	-6.929838201746808
216.68088750990657	-6.948708124267144
219.83258359329807	-6.96678950221199
223.03012215184378	-6.984085403463464
226.2741699796992	-7.000597488563289
229.5654035697641	-7.0163265600364895
232.90450925475412	-7.0312724834352665
236.2921833503241	-7.045435575219862
239.72913230027333	-7.058817476474735
243.21607282386276	-7.071421978603589
246.75373206527502	-7.083254992515952
250.34284774524843	-7.094324984875992
253.9841683149166	-7.104643927040066
257.67845311188546	-7.114227472385241
261.42647251858085	-7.123095255600755
265.22900812289896	-7.131270408188918
269.08685288119375	-7.13877918251884
273.0008112836349	-7.145649728188477
276.97169952197106	-7.151911398379913
281.00034565973334	-7.157594558458143
285.0875898049141	-7.1627294069142495
289.23428428515797	-7.167345220973777
293.44129382550057	-7.171470493433544
297.7094957286928	-7.1751334279916446
302.0397800581479	-7.178360677815066
306.4330498235497	-7.181174749910943
310.89022116916016	-7.183593162743758
315.41222356486645	-7.185626675281188
320.00000000000654	-7.187277640447762
324.6545071800142	-7.188539036138085
329.3767157259242	-7.189394227639021
334.16761037677935	-7.189817548480919
339.02819019498156	-7.189775822650673
343.95946877463007	-7.189230387039123
348.9624744528898	-7.188137986679903
354.03825052443415	-7.1864518772135
359.187855459007	-7.184122089775886
364.4123631221491	-7.181096915591515
369.71286299913527	-7.177325211799883
375.0904604221685	-7.172755917078673
380.54627680087896	-7.167338171475784
386.08144985617537	-7.161021615253675
391.6971338574982	-7.1537584590879035
397.3944998635236	-7.145506255825476
403.1747359663683	-7.136232311497293
409.0390475393468	-7.125915015508057
414.9886574883323	-7.114542143679103
421.0248065067734	-7.102110483059342
427.1487533344206	-7.088623170726985
433.3617750198154	-7.074086208384824
439.6651671865984	-7.058505657183617
446.06024430368984	-7.041887076786393
452.54833995940066	-7.024233338165137
459.13080713953053	-7.00554477592687
465.8090185095106	-6.9858201239286135
472.58436670065066	-6.965057459686952
479.45826460054917	-6.943256039033779
486.432145647728	-6.920420783347366
493.50746413055253	-6.89656518327239
500.6856954904994	-6.871717000450625
507.9683366298358	-6.845924065300501
515.3569062237735	-6.819256355113906
522.8529450371643	-6.79180577420704
530.4580162458005	-6.76368121107164
538.1737057623901	-6.735002026198117
546.0016225672724	-6.705894192076799
553.9433990439449	-6.676488485423055
562.0006913194694	-6.6469170195722285
570.1751796098309	-6.617311428931601
578.4685685703187	-6.587805091070499
586.8825876510039	-6.5585311759942435
595.4189914573883	-6.529616621366345
604.0795601162986	-6.501180946197385
612.8660996471021	-6.4733313159461074
621.780442338323	-6.446158695303402
630.8244471297356	-6.419735519768159
640.0000000000159	-6.394110741251343
649.3090143600314	-6.369306525510252
658.7534314518515	-6.345322552640814
668.3352207535618	-6.322148130089677
678.0563803899662	-6.29977473103049
687.9189375492632	-6.278201236892124
697.9249489057827	-6.257442267173037
708.0765010488715	-6.237534246436392
718.3757109180171	-6.2185403641133306
728.8247262443015	-6.200551206938929
739.425725998274	-6.183684632205896
750.1809208443404	-6.168083980883684
761.0925536017613	-6.15390900047014
772.1628997123541	-6.141320818114434
783.3942677149998	-6.130456035884264
794.7889997270506	-6.121392639457483
806.34947193274	-6.114110894533707
818.0780950786972	-6.108463184006604
829.9773149766683	-6.1041671030789
842.0496130135506	-6.100831436915537
854.2975066688449	-6.097986492676464
866.7235500396347	-6.095107250670302
879.3303343732008	-6.0916303314822
892.1204886073838	-6.086962779115092
905.0966799188055	-6.080486692383083
918.2616142790653	-6.071564354959666
931.6180370190256	-6.059541289952727
945.1687334013056	-6.043748892257979
958.9165292011028	-6.023522828178456
972.8642912954606	-5.99822976282846
987.0149282611097	-5.967317857867096
1001.3713909810035	-5.930385244277042
1015.9366732596762	-5.887250069987759
1030.7138124475518	-5.837977347844376
1045.7058900743334	-5.782846334422943
1060.916032491606	-5.722280173070208
1076.3474115247852	-5.65677755298881
1092.0032451345498	-5.586862592772397
1107.8867980878947	-5.5130593350390384
1124.0013826389438	-5.435884314588716
1140.350359219667	-5.355842255820475
1156.9371371406426	-5.273427661627481
1173.765175302013	-5.189132431678668
1190.837982914782	-5.103440416224523
1208.1591202326028	-5.016822553683417
1225.73219929421	-4.929712287923293
1243.5608846766518	-4.8424607636603545
1261.648894259477	-4.7552810579048215
1280.0000000000375	-4.6682027688004455
1298.6180287200684	-4.581081562128469
1317.5068629037087	-4.49365008675237
1336.6704415071292	-4.405582173319652
1356.112760779938	-4.316528875689883
1375.8378750985323	-4.226152216865169
1395.8498978115715	-4.134145708386847
1416.153002097749	-4.040240880580421
1436.7514218360407	-3.9442056905068745
1457.6494524886093	-3.845836504648818
1478.8514519965543	-3.744941050842083
1500.3618416886875	-3.64133654343083
1522.1851072035295	-3.534844083776646
1544.3257994247153	-3.4252797850245473
1566.788535430007	-3.312459765297158
1589.5779994541087	-3.1962070961404105
1612.6989438654878	-3.076348030807073
1636.156190157402	-2.952715478487381
1659.9546299533442	-2.8251601065495024
1684.099226027109	-2.69354578585084
1708.5950133376978	-2.55775230745084
1733.4471000792773	-2.4176596129981958
1758.6606687464096	-2.273111208438478
1784.2409772147755	-2.123874989425205
1810.193359837619	-1.9695903076535564
1836.5232285581387	-1.8097086406747231
1863.2360740380593	-1.6434569232514296
1890.3374668026197	-1.469821151335331
1917.833058402214	-1.2875560310222196
1945.7285825909298	-1.0952779105976551
1974.0298565222283	-0.8916927086081315
2002.7427819620161	-0.675975000900038
2031.8733465193618	-0.44819878839825633
2061.4276248951132	-0.20950498032028364
2091.411780148677	0.03815244838245338
2121.832064983222	0.29242733273523114
2152.694823049581	0.5509331659676332
2184.0064902691106	0.8114526243553208
2215.7735961758003	1.0719950398001266
2248.002765277899	1.3307771635481291
2280.7007184393456	1.586136946252721
2313.874274281297	1.836455123195212
2347.530350604038	2.080084821657028
2381.6759658295764	2.3152718898742513
2416.318240465218	2.540161377219307
2451.4643985884327	2.752874333666507
2487.1217693533167	2.9517254848563543
2523.2977885189675	3.1355257726309627
2560.0000000000887	3.303836848094311
2597.236057440151	3.4569141257018163
2635.0137258074315	3.595395342974241
2673.340883014273	3.7199749320185123
2712.225521559891	3.831228341579934
2751.6757501970797	3.9295206454988767
2791.699795623158	4.01497999746715
2832.3060041955137	4.0874810651854565
2873.502843672097	4.146618818208665
2915.2989049772345	4.191656470679572
2957.7029039931244	4.221402241399037
3000.723683377391	4.234133105113057
3044.370214407075	4.2276247883658105
3088.6515988494466	4.199355630784648
3133.57707086003	4.147012578877635
3179.1559989082334	4.069386526641871
3225.3978877309914	3.9671515521501433
3272.3123803148205	3.842756894132326
3319.9092599067053	3.699554630427374
3368.198452054235	3.5409020667219337
3417.190026675413	3.3696718468648745
3466.8942001585724	3.188090138002608
3517.3213374928373	2.9977752959791335
3568.4819544295697	2.799950457555317
3620.386719675257	2.595627046138377
3673.0464571162966	2.3858041942649906
3726.472148076138	2.1716403372796167
3780.6749336052594	1.9545919277491748
3835.6661168044484	1.7365543226251894
3891.45716518188	1.5198805191254985
3948.059713044477	1.30717380301425
4005.4855639240527	1.1008141164388976
4063.746693038744	0.9021515712672575
4122.855249790247	0.7110819744089775
4182.823560297375	0.5264473093805064
4243.664129966465	0.3468123216004962
4305.389646099183	0.1710191173764812
4368.012980538242	-0.0016252993083917394
4431.5471923516225	-0.1713519780173444
4496.00553055582	-0.33808113737549256
4561.401436878714	-0.5015754650283022
4627.748548562617	-0.6614896785887356
4695.060701208099	-0.8174088837603493
4763.351931659176	-0.968843993004889
4832.63648093046	-1.115229200989133
4902.928797176889	-1.2559845325671886
4974.243538706657	-1.3905919460823657
5046.595577037959	-1.5186672773865515
5120.000000000202	-1.6401339329618432
5194.472114880326	-1.7552161210991786
5270.027451614888	-1.8642935637741056
5346.6817660285715	-1.9676765124289972
5424.451043119808	-2.0655341203294686
5503.351500394186	-2.157954193101929
5583.399591246343	-2.2449734937338968
5664.612008391055	-2.326639597582088
5747.005687344222	-2.4030035320749215
5830.597809954497	-2.474068990558657
5915.405807986278	-2.539442596024262
6001.447366754812	-2.597975903171398
6088.740428814181	-2.6475338864275115
6177.303197698925	-2.6848589656000263
6267.154141720092	-2.7061411865057075
6358.3119978165005	-2.708963388408151
6450.795775462017	-2.6943920660564102
6544.624760629676	-2.6667581429501763
6639.818519813445	-2.6313047530616176
6736.396904108505	-2.592430998857825
6834.380053350861	-2.553047384043135
6933.788400317181	-2.514960986393703
7034.642674985712	-2.479358710216108
7136.963908859177	-2.447167208827994
7240.773439350552	-2.419240704536052
7346.092914232631	-2.396379544292836
7452.944296152315	-2.379392121116526
7561.349867210557	-2.3697763048619684
7671.332233608935	-2.370610643496725
7782.914330363799	-2.3874328841402574
7896.119426088994	-2.4286958444868065
8010.971127848146	-2.5032228545624813
8127.49338607753	-2.6150662298461653
8245.710499580537	-2.7602700759761323
8365.647120594791	-2.930485756311115
8487.328259932974	-3.118021722237856
8610.77929219841	-3.317912013671323
8736.025961076528	-3.5277389583255516
8863.094384703289	-3.7464611582422442
8992.011061111683	-3.973294261190638
9122.802873757471	-4.207538196523462
9255.497097125279	-4.44854070468215
9390.121402416245	-4.695462538005733
9526.7038633184	-4.947114658603421
9665.272961860968	-5.201757632135958
9805.857594353829	-5.456629414020818
9948.487077413367	-5.708206804803517
10093.19115407597	-5.9537658344191575
10240.000000000457	-6.193015976594249
10388.944229760706	-6.427655735442507
10540.05490322983	-6.6595484650581485
10693.363532057198	-6.889746661679433
10848.902086239672	-7.11839993026772
11006.703000788428	-7.345221976529743
11166.799182492743	-7.569734772853512
11329.224016782166	-7.791371881501793
11494.0113746885	-8.009783942816654
11661.195619909053	-8.224951674341403
11830.811615972614	-8.436652741268993
12002.894733509682	-8.644054649325534
12177.48085762842	-8.845603893422716
12354.606395397908	-9.03855045846242
12534.308283440243	-9.219545857369615
12716.62399563306	-9.38715403718324
12901.591550924093	-9.543894216166214
13089.249521259411	-9.694056156536401
13279.637039626952	-9.84011427300439
13472.793808217073	-9.982866916832037
13668.760106701786	-10.122562038372214
13867.576800634426	-10.259266058895722
14069.285349971487	-10.393110524429606
14273.927817718419	-10.524512830780377
14481.54687870117	-10.654006367092657
14692.18582846533	-10.781535046165597
14905.888592304698	-10.906859588707205
15122.699734421185	-11.02995927702619
15342.664467217943	-11.151090086331207
15565.828660727671	-11.274259882053128
15792.238852178061	-11.41136505160705
16021.942255696367	-11.581477925203508
16254.986772155136	-11.796613688476315
16491.42099916115	-12.049223821832301
16731.294241189662	-12.323135299073996
16974.65651986603	-12.608472432481078
17221.558584396902	-12.901957661578123
17472.051922153143	-13.202833318531583
17726.188769406665	-13.510577339814285
17984.022122223458	-13.824486171552618
18245.605747515034	-14.143816988969267
18510.99419425065	-14.467986501743434
18780.242804832582	-14.797637503918148
19053.40772663689	-15.133501113814024
19330.545923722028	-15.470822041486207
19611.71518870775	-15.784652372503878
19896.974154826825	-16.028832456835794
20186.382308152035	-16.192031070598535
