20	8.00811861545071
20.290906698750476	8.013625738160759
20.586044732869844	8.019136874582903
20.885475648548283	8.024656106835026
21.189261887185914	8.030185713184096
21.49746679841394	8.035724472330244
21.810154653305165	8.041266691289941
22.12739065777668	8.04680157130769
22.449240966187475	8.052313202696885
22.77577269513385	8.05778078339438
23.107053937445478	8.06317912785901
23.44315377638505	8.068479804843049
23.784142300054445	8.073652590553905
24.130090616010463	8.07866731954238
24.481070866093134	8.083495714471457
24.837156241469714	8.088112441631425
25.1984209978975	8.092495479720583
25.56494047120865	8.09662614831547
25.936791093020236	8.100488663382963
26.3140504066728	8.104069637440539
26.69679708340074	8.107357568353713
27.08511093873791	8.110342428495688
27.47907294916184	8.113015510495762
27.878765268980047	8.115369200540806
28.284271247461966	8.117396913749447
28.695675446220072	8.119093283993639
29.11306365684382	8.120454556095387
29.536522918790062	8.121478919453603
29.966141537533712	8.12216658307215
30.402009102982383	8.122519801081484
30.844216508158908	8.122543333653386
31.29285596815558	8.122244473431271
31.74802103936409	8.12163284162801
32.20980663898519	8.120720478065797
32.67830906482211	8.119521666582228
33.153626015361866	8.118052395765224
33.63585661014871	8.11632956778185
34.125101410453844	8.114369917150878
34.62146244024586	8.112188956778343
35.12504320746613	8.109800197398746
35.635948725613716	8.107214619624873
36.15428553564419	8.104439789406873
36.68016172818701	8.101478946016373
37.21368696608603	8.098330599434627
37.754972507267915	8.094988754140733
38.30413122794313	8.09144288974698
38.86127764614443	8.087677989622659
39.4265279456077	8.083674830530356
40.000000000000206	8.079410374017499
40.58181339750116	8.074857926649388
41.1720894657399	8.069987604230503
41.77095129709678	8.064766738984844
42.37852377437204	8.059160252821194
42.9949335968281	8.053131009339968
43.62030930661056	8.04664019391265
44.25478131555359	8.039648259503023
44.89848193237519	8.032115672425158
45.55154539026795	8.024003413430087
46.21410787489121	8.01527352954733
46.88630755277036	8.005889325879112
47.56828460010916	7.995815453679327
48.260181232021196	7.985018568989363
48.962141732186545	7.9734675790829606
49.674312482939705	7.961133652367992
50.39684199579528	7.947989767050619
51.129880942417586	7.934010243133818
51.873582186040764	7.919170401066449
52.628100813345895	7.903446256089069
53.393594166801776	7.886813901603503
54.17022187747612	7.869248691242166
54.95814589832399	7.850724785665871
55.75753053796041	7.831214846513403
56.56854249492426	7.8106899223601935
57.39135089244048	7.789119741642518
58.226127313687975	7.76647316229405
59.073045837580466	7.742718694945868
59.932283075067765	7.717825095841295
60.804018205965114	7.691762025814428
61.68843301631817	7.664500771424555
62.58571193631152	7.636015023558497
63.49604207872855	7.606281622216763
64.41961327797075	7.57528090813432
65.35661812964459	7.542996653401976
66.3072520307241	7.50941603121399
67.27171322029778	7.47452988972112
68.25020282090806	7.438333142236289
69.2429248804921	7.400824727978307
70.25008641493265	7.362007644332518
71.27189745122783	7.321889142953218
72.30857107128878	7.280480374308499
73.36032345637442	7.237796008823072
74.42737393217246	7.193853979044767
75.50994501453623	7.148674930962837
76.60826245588666	7.10228188189831
77.72255529228926	7.054699796827645
78.85305589121582	7.00595517891299
80.00000000000082	6.956075569128847
81.16362679500274	6.9050886645498455
82.34417893148023	6.853022209981718
83.541902594194	6.799903302157857
84.75704754874454	6.745757966273867
85.98986719365665	6.690611296679467
87.24061861322157	6.634487731583793
88.50956263110764	6.577411295325058
89.79696386475084	6.519406133830789
91.10309078053635	6.4604971292094255
92.42821574978288	6.400710748957215
93.77261510554118	6.34007586141479
95.13656920021877	6.278624286447909
96.52036246404286	6.216391132880837
97.92428346437356	6.153414305749965
99.34862496587989	6.0897333330531564
100.79368399159105	6.025388399825056
102.25976188483567	5.960419235404467
103.74716437208203	5.8948646150245345
105.25620162669229	5.828762650357997
106.78718833360406	5.762151789580631
108.34044375495276	5.695072411437951
109.9162917966485	5.62756888447075
111.51506107592134	5.559691179472569
113.13708498984903	5.491495614761268
114.78270178488147	5.423045662611116
116.45225462737648	5.3544127798061005
118.14609167516147	5.285676797930096
119.86456615013608	5.216926565571356
121.60803641193078	5.14826054980631
123.3768660326369	5.079787629423783
125.17142387262359	5.0116278594363575
126.99208415745765	4.943912368637072
128.83922655594208	4.87678309660424
130.71323625928977	4.810390756063667
132.61450406144883	4.744891484959823
134.5434264405962	4.680443384397819
136.50040564181674	4.617203677994632
138.48584976098482	4.555325284961385
140.50017282986593	4.494953836466802
142.5437949024563	4.436225094927556
144.61714214257822	4.379263116340809
146.7206469127495	4.324178653320262
148.8547478643456	4.271067627900312
151.01989002907314	4.220010633668658
153.216524911774	4.171072291682632
155.4451105845792	4.124300125177305
157.70611178243232	4.079723310969568
160.00000000000236	4.037351742172311
162.3272535900062	3.997175905659435
164.6883578629612	3.959166936615604
167.08380518838874	3.9232767516633715
169.51409509748981	3.8894385327833048
171.97973438731407	3.857568503566079
174.4812372264439	3.827568272023635
177.01912526221608	3.7993269855034426
179.5939277295025	3.772724354792228
182.20618156107355	3.747633231919525
184.85643149956664	3.723923372636148
187.54523021108326	3.7014656688572125
190.27313840043846	3.6801361754793165
193.04072492808663	3.6598199852263202
195.84856692874806	3.640415129910362
198.69724993176072	3.621836553000702
201.58736798318304	3.6040196389554655
204.5195237696723	3.5869225707030217
207.49432874416505	3.5705275108221866
210.5124032533856	3.5548413808979373
213.57437666720915	3.5398957448018544
216.68088750990657	3.525744971747061
219.83258359329807	3.5124632592862124
223.03012215184378	3.500141316239508
226.2741699796992	3.488882197388047
229.5654035697641	3.4787969196515447
232.90450925475412	3.469999825222221
236.2921833503241	3.4626041455767083
239.72913230027333	3.4567169979690027
243.21607282386276	3.4524350116659623
246.75373206527502	3.4498409386093467
250.34284774524843	3.4490001204357967
253.9841683149166	3.4499578226986025
257.67845311188546	3.452736013288809
261.42647251858085	3.4573316858891845
265.22900812289896	3.4637167746891593
269.08685288119375	3.4718396236385285
273.0008112836349	3.4816279975958393
276.97169952197106	3.492990697436772
281.00034565973334	3.505821292762256
285.0875898049141	3.520003087676107
289.23428428515797	3.535412610772325
293.44129382550057	3.5519219101267354
297.7094957286928	3.5694010055723924
302.0397800581479	3.58772089571353
306.4330498235497	3.606757083664255
310.89022116916016	3.62639260369188
315.41222356486645	3.64652089383168
320.00000000000654	3.667046590701141
324.6545071800142	3.6878833107722397
329.3767157259242	3.708951375939572
334.16761037677935	3.7301756511134276
339.02819019498156	3.7514820815181595
343.95946877463007	3.7727945288412745
348.9624744528898	3.7940323230388135
354.03825052443415	3.815107295720019
359.187855459007	3.83592113368804
364.4123631221491	3.856363114439655
369.71286299913527	3.8763104361462335
375.0904604221685	3.8956277172103992
380.54627680087896	3.914167418711609
386.08144985617537	3.931771025999131
391.6971338574982	3.9482719518394456
397.3944998635236	3.963498746145799
403.1747359663683	3.9772782405588507
409.0390475393468	3.989441669270336
414.9886574883323	3.9998324694169516
421.0248065067734	4.008314543267166
427.1487533344206	4.014780825506838
433.3617750198154	4.019161358698985
439.6651671865984	4.021429428722845
446.06024430368984	4.021603096519124
452.54833995940066	4.019743377397445
459.13080713953053	4.0159506261580065
465.8090185095106	4.010358013686026
472.58436670065066	4.003123275846892
479.45826460054917	3.9944191417781023
486.432145647728	3.984420900601703
493.50746413055253	3.9732911986795405
500.6856954904994	3.961165118772868
507.9683366298358	3.9481404048917472
515.3569062237735	3.934272748490431
522.8529450371643	3.919574382138788
530.4580162458005	3.904019609011855
538.1737057623901	3.8875510430242204
546.0016225672724	3.8700867374619143
553.9433990439449	3.8515268248676766
562.0006913194694	3.8317612040462716
570.1751796098309	3.8106817205733674
578.4685685703187	3.7881915942632047
586.8825876510039	3.764213054754255
595.4189914573883	3.7386932783199067
604.0795601162986	3.7116118645242873
612.8660996471021	3.682988443055111
621.780442338323	3.6528885755059575
630.8244471297356	3.6214277082879454
640.0000000000159	3.58877522473025
649.3090143600314	3.5551510783471127
658.7534314518515	3.520813823500057
668.3352207535618	3.4860443031631014
678.0563803899662	3.451129792823387
687.9189375492632	3.4163510263705312
697.9249489057827	3.381968201296386
708.0765010488715	3.348207685091944
718.3757109180171	3.315253007144791
728.8247262443015	3.2832377994318276
739.425725998274	3.2522427558355362
750.1809208443404	3.222298479167933
761.0925536017613	3.193393434725204
772.1628997123541	3.1654854452123793
783.3942677149998	3.1385272339224763
794.7889997270506	3.1124994634835477
806.34947193274	3.0874487593226303
818.0780950786972	3.0635169766261123
829.9773149766683	3.040948488481855
842.0496130135506	3.0200785109020645
854.2975066688449	3.001311000705452
866.7235500396347	2.985095782438322
879.3303343732008	2.9719157435571044
892.1204886073838	2.962278763858267
905.0966799188055	2.956710659902363
918.2616142790653	2.9557502872780193
931.6180370190256	2.959942506304686
945.1687334013056	2.969831858339074
958.9165292011028	2.9859470969466813
972.8642912954606	3.008771941031471
987.0149282611097	3.038695710498847
1001.3713909810035	3.0759526889743505
1015.9366732596762	3.1205600281325867
1030.7138124475518	3.1722958483669674
1045.7058900743334	3.2307286265354573
1060.916032491606	3.2952774371308196
1076.3474115247852	3.3652742411914596
1092.0032451345498	3.440013380223889
1107.8867980878947	3.518786118746357
1124.0013826389438	3.600891134691785
1140.350359219667	3.6856383116009543
1156.9371371406426	3.7723491728399248
1173.765175302013	3.8603573373414433
1190.837982914782	3.9490103218322328
1208.1591202326028	4.037682024091693
1225.73219929421	4.125801561914969
1243.5608846766518	4.212903782579394
1261.648894259477	4.298681535106524
1280.0000000000375	4.383020551582117
1298.6180287200684	4.46599135057093
1317.5068629037087	4.547810458588401
1336.6704415071292	4.6287829386002715
1356.112760779938	4.709265364893371
1375.8378750985323	4.789635186651885
1395.8498978115715	4.870271317761674
1416.153002097749	4.951535554878679
1436.7514218360407	5.033763917399567
1457.6494524886093	5.117268939859164
1478.8514519965543	5.202350897572592
1500.3618416886875	5.289308303394551
1522.1851072035295	5.378439145058268
1544.3257994247153	5.470045051694383
1566.788535430007	5.5644356119036855
1589.5779994541087	5.661917466819413
1612.6989438654878	5.762781317951976
1636.156190157402	5.867293435567763
1659.9546299533442	5.975697075342018
1684.099226027109	6.088220790653782
1708.5950133376978	6.205092139649647
1733.4471000792773	6.326562689899613
1758.6606687464096	6.4529365817321604
1784.2409772147755	6.584596880900062
1810.193359837619	6.722046185553175
1836.5232285581387	6.865961555914503
1863.2360740380593	7.017231964779575
1890.3374668026197	7.1769628101681935
1917.833058402214	7.346439381494289
1945.7285825909298	7.52701696428127
1974.0298565222283	7.719896228936134
2002.7427819620161	7.925780051387981
2031.8733465193618	8.144515166040279
2061.4276248951132	8.374989148329824
2091.411780148677	8.615326394867644
2121.832064983222	8.86322938675827
2152.694823049581	9.116301884552287
2184.0064902691106	9.372263247730668
2215.7735961758003	9.629011324906784
2248.002765277899	9.884608164642612
2280.7007184393456	10.137218193431593
2313.874274281297	10.385061569271292
2347.530350604038	10.626343922065095
2381.6759658295764	10.859202991507761
2416.318240465218	11.081708662355055
2451.4643985884327	11.291952283660466
2487.1217693533167	11.488282141172684
2523.2977885189675	11.6695437676533
2560.0000000000887	11.835275323796024
2597.236057440151	11.985622611646367
2635.0137258074315	12.121105923178932
2673.340883014273	12.242353251575825
2712.225521559891	12.349917662410311
2751.6757501970797	12.444153711535657
2791.699795623158	12.525202948780366
2832.3060041955137	12.592954062181612
2873.502843672097	12.647006235918656
2915.2989049772345	12.686557518273943
2957.7029039931244	12.710306287566729
3000.723683377391	12.716427335009339
3044.370214407075	12.702683435851798
3088.6515988494466	12.66671583913257
3133.57707086003	12.606569697688418
3179.1559989082334	12.52133353805511
3225.3978877309914	12.411667974109852
3272.3123803148205	12.279671411038061
3319.9092599067053	12.128278057860484
3368.198452054235	11.960558716270604
3417.190026675413	11.77923056708232
3466.8942001585724	11.586462197820758
3517.3213374928373	11.383896704524517
3568.4819544295697	11.172768182277935
3620.386719675257	10.954066977784485
3673.0464571162966	10.728737622909103
3726.472148076138	10.497847182562557
3780.6749336052594	10.26277427261266
3835.6661168044484	10.025369299083179
3891.45716518188	9.78793849872547
3948.059713044477	9.553015052999951
4005.4855639240527	9.322898084963013
4063.746693038744	9.098954727499475
4122.855249790247	8.881294995665385
4182.823560297375	8.669101221233804
4243.664129966465	8.461218284970759
4305.389646099183	8.256634255801046
4368.012980538242	8.054720830952638
4431.5471923516225	7.855247289805073
4496.00553055582	7.658268853961155
4561.401436878714	7.46403080286593
4627.748548562617	7.272890671219103
4695.060701208099	7.085327944283442
4763.351931659176	6.901907722644546
4832.63648093046	6.72327157145315
4902.928797176889	6.550084062826695
4974.243538706657	6.382968983788834
5046.595577037959	6.2223871431799544
5120.000000000202	6.0685164870346835
5194.472114880326	5.92132583706821
5270.027451614888	5.7806404134961085
5346.6817660285715	5.646278510978043
5424.451043119808	5.518173144596427
5503.351500394186	5.3963591947592064
5583.399591246343	5.280918366603002
5664.612008391055	5.171885408234544
5747.005687344222	5.069250783784922
5830.597809954497	4.97322194258645
5915.405807986278	4.8844884804536255
6001.447366754812	4.804477951666733
6088.740428814181	4.735525213450394
6177.303197698925	4.680672510620016
6267.154141720092	4.6430404794770395
6358.3119978165005	4.62432740343609
6450.795775462017	4.623436265571524
6544.624760629676	4.636851408249229
6639.818519813445	4.660041278953041
6736.396904108505	4.688828675822521
6834.380053350861	4.720053928919135
6933.788400317181	4.7515878297321335
7034.642674985712	4.782007555338678
7136.963908859177	4.81014241698331
7240.773439350552	4.834812589810829
7346.092914232631	4.854813611543857
7452.944296152315	4.868834392105151
7561.349867210557	4.874952214240533
7671.332233608935	4.869789626730564
7782.914330363799	4.8476659395499935
7896.119426088994	4.800698031174935
8010.971127848146	4.720934988829793
8127.49338607753	4.604349564047154
8245.710499580537	4.453206336459038
8365.647120594791	4.274119263178023
8487.328259932974	4.074027314655202
8610.77929219841	3.857682468806071
8736.025961076528	3.6275361953013645
8863.094384703289	3.38476437846859
8992.011061111683	3.1299223455422283
9122.802873757471	2.8634291282702837
9255.497097125279	2.5858197946914268
9390.121402416245	2.297899381848847
9526.7038633184	2.0009347256642442
9665.272961860968	1.6966897282043307
9805.857594353829	1.3876547117880402
9948.487077413367	1.0766993878758158
10093.19115407597	0.7660656093398582
10240.000000000457	0.45617095106249966
10388.944229760706	0.14584793123207287
10540.05490322983	-0.16651005524398452
10693.363532057198	-0.4820827325781825
10848.902086239672	-0.801377347077896
11006.703000788428	-1.124489675229309
11166.799182492743	-1.451256681430309
11329.224016782166	-1.78117203642411
11494.0113746885	-2.113716491372096
11661.195619909053	-2.448123498808231
11830.811615972614	-2.782982926641702
12002.894733509682	-3.115452260870282
12177.48085762842	-3.4405092395593444
12354.606395397908	-3.749827316148781
12534.308283440243	-4.03313546773436
12716.62399563306	-4.28000606187839
12901.591550924093	-4.485500548200962
13089.249521259411	-4.6498889614357255
13279.637039626952	-4.7681779995569205
13472.793808217073	-4.8346596622047375
13668.760106701786	-4.849434166957955
13867.576800634426	-4.818380558213287
14069.285349971487	-4.751392906456906
14273.927817718419	-4.659654739354766
14481.54687870117	-4.552399292883251
14692.18582846533	-4.43757086541637
14905.888592304698	-4.321237892230542
15122.699734421185	-4.207326958466557
15342.664467217943	-4.099455986645452
15565.828660727671	-4.00379582793438
15792.238852178061	-3.9314665956404364
16021.942255696367	-3.8968002240320647
16254.986772155136	-3.9086001658572394
16491.42099916115	-3.9623381956514883
16731.294241189662	-4.04510296500831
16974.65651986603	-4.146688109633314
17221.558584396902	-4.262458628568979
17472.051922153143	-4.390807159079416
17726.188769406665	-4.53074552743963
17984.022122223458	-4.678543128995014
18245.605747515034	-4.827021213890917
18510.99419425065	-4.968209341417346
18780.242804832582	-5.097811515368239
19053.40772663689	-5.215249365310959
19330.545923722028	-5.3206644457816505
19611.71518870775	-5.410922840945479
19896.974154826825	-5.477563282838434
20186.382308152035	-5.518079377870656