20	5.167061785569625
20.290906698750476	5.166143959889654
20.586044732869844	5.16522497342561
20.885475648548283	5.1643030740325795
21.189261887185914	5.163375609491576
21.49746679841394	5.162439255546775
21.810154653305165	5.161490344851405
22.12739065777668	5.160524978815541
22.449240966187475	5.1595389103520155
22.77577269513385	5.158527764777787
23.107053937445478	5.157487320548146
23.44315377638505	5.156413571062647
23.784142300054445	5.155302571959095
24.130090616010463	5.1541505677152255
24.481070866093134	5.152953949849322
24.837156241469714	5.151709115264473
25.1984209978975	5.150412346649941
25.56494047120865	5.149059657470732
25.936791093020236	5.147646650394143
26.3140504066728	5.146168449395541
26.69679708340074	5.144619862476261
27.08511093873791	5.142995369435829
27.47907294916184	5.1412890117065775
27.878765268980047	5.139494505478831
28.284271247461966	5.137605109758415
28.695675446220072	5.135613590401501
29.11306365684382	5.133512118486204
29.536522918790062	5.1312922505588014
29.966141537533712	5.12894498230522
30.402009102982383	5.126460646568398
30.844216508158908	5.123829196698815
31.29285596815558	5.121040479948688
31.74802103936409	5.118084112543433
32.20980663898519	5.114949744780976
32.67830906482211	5.111627154615551
33.153626015361866	5.108106055318927
33.63585661014871	5.104375868467838
34.125101410453844	5.10042552401323
34.62146244024586	5.096243289172654
35.12504320746613	5.091816627936793
35.635948725613716	5.087132093164003
36.15428553564419	5.082175253527844
36.68016172818701	5.07693065795401
37.21368696608603	5.071381840605396
37.754972507267915	5.065511369914063
38.30413122794313	5.059300912784352
38.86127764614443	5.052731195115333
39.4265279456077	5.045781932430242
40.000000000000206	5.038431947020048
40.58181339750116	5.0306593113999245
41.1720894657399	5.022441569067295
41.77095129709678	5.01375561613369
42.37852377437204	5.004577540432869
42.9949335968281	4.994882576058774
43.62030930661056	4.984645272708954
44.25478131555359	4.973839648093395
44.89848193237519	4.9624392767803025
45.55154539026795	4.950417193237781
46.21410787489121	4.937746001901285
46.88630755277036	4.9243977755368835
47.56828460010916	4.910343547664603
48.260181232021196	4.895553556964416
48.962141732186545	4.879997280642414
49.674312482939705	4.863643121124616
50.39684199579528	4.846458666773202
51.129880942417586	4.828410963001257
51.873582186040764	4.809466593251727
52.628100813345895	4.7895916093890385
53.393594166801776	4.76875138163769
54.17022187747612	4.7469106578668665
54.95814589832399	4.724033560370604
55.75753053796041	4.700083495041055
56.56854249492426	4.675023210602615
57.39135089244048	4.648814892751259
58.226127313687975	4.62142068892353
59.073045837580466	4.59280331203419
59.932283075067765	4.562926431538214
60.804018205965114	4.5317549110695925
61.68843301631817	4.499254695527395
62.58571193631152	4.465392989706142
63.49604207872855	4.430138451407094
64.41961327797075	4.393461845538516
65.35661812964459	4.355336419794459
66.3072520307241	4.3157380242674455
67.27171322029778	4.27464524570458
68.25020282090806	4.232039604874802
69.2429248804921	4.187905809451428
70.25008641493265	4.142232053732592
71.27189745122783	4.095010355450728
72.30857107128878	4.046236918817385
73.36032345637442	3.9959125117741863
74.42737393217246	3.9440428441449047
75.50994501453623	3.890638931986233
76.60826245588666	3.8357174646015846
77.72255529228926	3.7793012117462492
78.85305589121582	3.721419151639071
80.00000000000082	3.6621064296562986
81.16362679500274	3.601404872355808
82.34417893148023	3.5393626651165295
83.541902594194	3.476034280845591
84.75704754874454	3.4114803374690954
85.98986719365665	3.345767746061954
87.24061861322157	3.2789696268522404
88.50956263110764	3.2111654250081547
89.79696386475084	3.1424405851873374
91.10309078053635	3.0728853323268592
92.42821574978288	3.0025936123122317
93.77261510554118	2.9316615351296615
95.13656920021877	2.8601862646586462
96.52036246404286	2.788264111829914
97.92428346437356	2.7159882566739686
99.34862496587989	2.643445881636004
100.79368399159105	2.570714590453012
102.25976188483567	2.497859065412277
103.74716437208203	2.424928802256351
105.25620162669229	2.3519571351087305
106.78718833360406	2.2789615899232603
108.34044375495276	2.2059451331989837
109.9162917966485	2.1328981031066974
111.51506107592134	2.05980018629319
113.13708498984903	1.9866224527388834
114.78270178488147	1.9133300991038136
116.45225462737648	1.8398853176832852
118.14609167516147	1.7662500563977583
119.86456615013608	1.692389339423524
121.60803641193078	1.618274948827189
123.3768660326369	1.5438890313745814
125.17142387262359	1.4692276656314354
126.99208415745765	1.3943034013764004
128.83922655594208	1.3191470475439568
130.71323625928977	1.2438076108622023
132.61450406144883	1.1683514916774056
134.5434264405962	1.0928619942225255
136.50040564181674	1.0174389396610346
138.48584976098482	0.942197547440252
140.50017282986593	0.8672668182036721
142.5437949024563	0.7927883421787506
144.61714214257822	0.718914743991963
146.7206469127495	0.6458077270070649
148.8547478643456	0.573636730489814
151.01989002907314	0.5025774357493077
153.216524911774	0.4328094528053327
155.4451105845792	0.36451334564655546
157.70611178243232	0.2978675951209112
160.00000000000236	0.23304593269429785
162.3272535900062	0.1702149080214812
164.6883578629612	0.10953172160150637
167.08380518838874	0.05114297714690008
169.51409509748981	-0.004816831493281937
171.97973438731407	-0.05822716282514562
174.4812372264439	-0.10898218969178375
177.01912526221608	-0.1569916173650321
179.5939277295025	-0.20218147748916993
182.20618156107355	-0.24449458259898904
184.85643149956664	-0.2838906127252989
187.54523021108326	-0.320345834301055
190.27313840043846	-0.3538524089548718
193.04072492808663	-0.3844174863465053
195.84856692874806	-0.41206257112331124
198.69724993176072	-0.43682175883167873
201.58736798318304	-0.45874062261098203
204.5195237696723	-0.4778748410443414
207.49432874416505	-0.49428810228765796
210.5124032533856	-0.5080510416005071
213.57437666720915	-0.5192405045992734
216.68088750990657	-0.5279392450829221
219.83258359329807	-0.534235346729617
223.03012215184378	-0.538220855369592
226.2741699796992	-0.5399912997182015
229.5654035697641	-0.5396441772157743
232.90450925475412	-0.5372782641237503
236.2921833503241	-0.5329936350229233
239.72913230027333	-0.5268918013754952
243.21607282386276	-0.5190757320763464
246.75373206527502	-0.5096500642901544
250.34284774524843	-0.4987205306367458
253.9841683149166	-0.4863928907279944
257.67845311188546	-0.47277285901722943
261.42647251858085	-0.4579659474018355
265.22900812289896	-0.4420768665972534
269.08685288119375	-0.42520959255390856
273.0008112836349	-0.4074673139319288
276.97169952197106	-0.3889518459975527
281.00034565973334	-0.3697623140657482
285.0875898049141	-0.34999449670404287
289.23428428515797	-0.3297396921459638
293.44129382550057	-0.3090848032614522
297.7094957286928	-0.28811365957523594
302.0397800581479	-0.2669066691204563
306.4330498235497	-0.2455392330509807
310.89022116916016	-0.22408038578560724
315.41222356486645	-0.2025917391713465
320.00000000000654	-0.18112801639156192
324.6545071800142	-0.15973733117128644
329.3767157259242	-0.13846131763970398
334.16761037677935	-0.11733767238927362
339.02819019498156	-0.09640225355181854
343.95946877463007	-0.07569157146629686
348.9624744528898	-0.05524587842138473
354.03825052443415	-0.035111390594039796
359.187855459007	-0.01534271061978458
364.4123631221491	0.003994221628863703
369.71286299913527	0.02282026220482855
375.0904604221685	0.041041795398905206
380.54627680087896	0.0585512214401096
386.08144985617537	0.07522726088089146
391.6971338574982	0.09093334778970497
397.3944998635236	0.1055160636098631
403.1747359663683	0.11880621261835639
409.0390475393468	0.1306221408492807
414.9886574883323	0.14077540797811783
421.0248065067734	0.149079172599539
427.1487533344206	0.1553556885434796
433.3617750198154	0.15944330481327995
439.6651671865984	0.16120505189421402
446.06024430368984	0.16053735823387094
452.54833995940066	0.15737753599670778
459.13080713953053	0.1517092501152988
465.8090185095106	0.14356508139741664
472.58436670065066	0.13302519165949234
479.45826460054917	0.12021270261318034
486.432145647728	0.10528560300627221
493.50746413055253	0.08842775774539291
500.6856954904994	0.0698388611415337
507.9683366298358	0.049721641880056455
515.3569062237735	0.028272823881548143
522.8529450371643	0.005675678026875686
530.4580162458005	-0.017902829472468546
538.1737057623901	-0.04231162721015436
546.0016225672724	-0.06741646722093118
553.9433990439449	-0.093103845895792
562.0006913194694	-0.11928618142886886
570.1751796098309	-0.14590053463504193
578.4685685703187	-0.1729076889363624
586.8825876510039	-0.2002901615919182
595.4189914573883	-0.22804652241639822
604.0795601162986	-0.2561854833965162
612.8660996471021	-0.2847218610932021
621.780442338323	-0.3136700404974822
630.8244471297356	-0.34303529037838926
640.0000000000159	-0.3728069213574976
649.3090143600314	-0.4029534711056999
658.7534314518515	-0.43342356249014063
668.3352207535618	-0.4641533476280615
678.0563803899662	-0.4950756374561582
687.9189375492632	-0.5261256214586307
697.9249489057827	-0.5572428970061645
708.0765010488715	-0.5883743601034874
718.3757109180171	-0.6194793622332103
728.8247262443015	-0.6505330352393107
739.425725998274	-0.6815254008910999
750.1809208443404	-0.7124570095643237
761.0925536017613	-0.7433350172280783
772.1628997123541	-0.7741641353691525
783.3942677149998	-0.8049260275693814
794.7889997270506	-0.8355522359377525
806.34947193274	-0.8658997729220764
818.0780950786972	-0.8957371051456934
829.9773149766683	-0.9247429890262935
842.0496130135506	-0.9525205642902095
854.2975066688449	-0.9786200173551481
866.7235500396347	-1.0025598842723964
879.3303343732008	-1.0238459060050693
892.1204886073838	-1.0419834202178344
905.0966799188055	-1.0564842195977644
918.2616142790653	-1.0668644970428105
931.6180370190256	-1.0726428538584178
945.1687334013056	-1.073340356016514
958.9165292011028	-1.0684898531504148
972.8642912954606	-1.0576649422470097
987.0149282611097	-1.0405240612266748
1001.3713909810035	-1.0168615555656473
1015.9366732596762	-0.9866540409947027
1030.7138124475518	-0.9500831110949257
1045.7058900743334	-0.9075100031681803
1060.916032491606	-0.8594216785075207
1076.3474115247852	-0.8063739493270323
1092.0032451345498	-0.748949971635371
1107.8867980878947	-0.6877303775813001
1124.0013826389438	-0.6232792197868083
1140.350359219667	-0.5561403431566798
1156.9371371406426	-0.4868362058327863
1173.765175302013	-0.41587285073465435
1190.837982914782	-0.3437434401151726
1208.1591202326028	-0.2709175778134649
1225.73219929421	-0.1978078621124853
1243.5608846766518	-0.12472903886373332
1261.648894259477	-0.05186153463970969
1280.0000000000375	0.020773228610087145
1298.6180287200684	0.0933107431861286
1317.5068629037087	0.16600268421693154
1336.6704415071292	0.23916749194637518
1356.112760779938	0.3131521192828771
1375.8378750985323	0.38830302806399786
1395.8498978115715	0.4649518824007263
1416.153002097749	0.5434012754512048
1436.7514218360407	0.6239247908740674
1457.6494524886093	0.7067700667146702
1478.8514519965543	0.7921626183741449
1500.3618416886875	0.8803135568721026
1522.1851072035295	0.9714166959402871
1544.3257994247153	1.0656493723175542
1566.788535430007	1.163189601781949
1589.5779994541087	1.2642238147467788
1612.6989438654878	1.3689460302408134
1636.156190157402	1.4775504964743547
1659.9546299533442	1.5902176180913679
1684.099226027109	1.707103120396152
1708.5950133376978	1.8283469214044397
1733.4471000792773	1.9540990161903984
1758.6606687464096	2.0845496076800734
1784.2409772147755	2.2199705921307493
1810.193359837619	2.3607619381741736
1836.5232285581387	2.507494046792144
1863.2360740380593	2.6609481055870883
1890.3374668026197	2.8221291594847875
1917.833058402214	2.992216612587945
1945.7285825909298	3.1724404898680714
1974.0298565222283	3.363856085479891
2002.7427819620161	3.567039724278002
2031.8733465193618	3.7817827290426314
2061.4276248951132	4.007000981489488
2091.411780148677	4.240904281602881
2121.832064983222	4.481308550081624
2152.694823049581	4.725932939296817
2184.0064902691106	4.972595757532987
2215.7735961758003	5.219289754384902
2248.002765277899	5.464186979957107
2280.7007184393456	5.705569843086079
2313.874274281297	5.941767756099621
2347.530350604038	6.171085531854924
2381.6759658295764	6.391769588012058
2416.318240465218	6.602036392604946
2451.4643985884327	6.800162990321603
2487.1217693533167	6.9846844100121075
2523.2977885189675	7.154566079697887
2560.0000000000887	7.309357966543388
2597.236057440151	7.449134306773888
2635.0137258074315	7.574307659911848
2673.340883014273	7.685408396752626
2712.225521559891	7.78294026751464
2751.6757501970797	7.867277935252128
2791.699795623158	7.938663211354709
2832.3060041955137	7.997197490453608
2873.502843672097	8.042802303759277
2915.2989049772345	8.07507865865536
2957.7029039931244	8.093202400478296
3000.723683377391	8.095897677405762
3044.370214407075	8.081522463774853
3088.6515988494466	8.048336824672804
3133.57707086003	7.994948513067809
3179.1559989082334	7.920845585812013
3225.3978877309914	7.826780777762539
3272.3123803148205	7.714630224882715
3319.9092599067053	7.58692459090929
3368.198452054235	7.446286870412938
3417.190026675413	7.294992528813991
3466.8942001585724	7.134787151863843
3517.3213374928373	6.9669195325076085
3568.4819544295697	6.792289349346079
3620.386719675257	6.6116566917606026
3673.0464571162966	6.4258323925705625
3726.472148076138	6.235844209651187
3780.6749336052594	6.043070539686825
3835.6661168044484	5.8492840349594815
3891.45716518188	5.656623693134152
3948.059713044477	5.467407100351232
4005.4855639240527	5.283733992012619
4063.746693038744	5.106898399637492
4122.855249790247	4.937098257929465
4182.823560297375	4.773631515945854
4243.664129966465	4.615407394326818
4305.389646099183	4.461433971717608
4368.012980538242	4.3110453667617445
4431.5471923516225	4.1639038365927625
4496.00553055582	4.019954224214662
4561.401436878714	3.8793722560560244
4627.748548562617	3.742460024175678
4695.060701208099	3.6096286789036243
4763.351931659176	3.4813420773423904
4832.63648093046	3.3581301665574217
4902.928797176889	3.2405353255247022
4974.243538706657	3.1290084114319643
5046.595577037959	3.023886917517303
5120.000000000202	2.925271960918499
5194.472114880326	2.83306598393929
5270.027451614888	2.7470093643998053
5346.6817660285715	2.6667768720108063
5424.451043119808	2.592136166283156
5503.351500394186	2.5229774792725044
5583.399591246343	2.459234185607913
5664.612008391055	2.4008281458115475
5747.005687344222	2.347669772745725
5830.597809954497	2.2999280412512606
5915.405807986278	2.2583261965437313
6001.447366754812	2.2243384248577245
6088.740428814181	2.2002399647943225
6177.303197698925	2.188936406512653
6267.154141720092	2.193291063540139
6358.3119978165005	2.2147595385205325
6450.795775462017	2.2524122467103274
6544.624760629676	2.303232586558823
6639.818519813445	2.363148639499599
6736.396904108505	2.428121952958627
6834.380053350861	2.4947353838981354
6933.788400317181	2.5601045220606453
7034.642674985712	2.6214169204476314
7136.963908859177	2.6755297403465788
7240.773439350552	2.718758694763826
7346.092914232631	2.7467260723039986
7452.944296152315	2.754473943093814
7561.349867210557	2.736699459358554
7671.332233608935	2.6878186305705163
7782.914330363799	2.601624465555266
7896.119426088994	2.4715424229786533
8010.971127848146	2.2926119310532513
8127.49338607753	2.064719835361536
8245.710499580537	1.7938404577452627
8365.647120594791	1.4903023951371548
8487.328259932974	1.1650354663847358
8610.77929219841	0.8266807515375263
8736.025961076528	0.480943577367933
8863.094384703289	0.13121844487715442
8992.011061111683	-0.22042470133963513
9122.802873757471	-0.5728249160842734
9255.497097125279	-0.9253764012291935
9390.121402416245	-1.2781851277283396
9526.7038633184	-1.632027350734778
9665.272961860968	-1.988237631687733
9805.857594353829	-2.3484854003653255
9948.487077413367	-2.7148986733514593
10093.19115407597	-3.0901480577885696
10240.000000000457	-3.4772717131990407
10388.944229760706	-3.878792452807075
10540.05490322983	-4.294830022944615
10693.363532057198	-4.721046077834241
10848.902086239672	-5.1480411202429845
11006.703000788428	-5.561677665540077
11166.799182492743	-5.9446390091250185
11329.224016782166	-6.279402992563238
11494.0113746885	-6.552557286887628
11661.195619909053	-6.758057940244432
11830.811615972614	-6.903090908433785
12002.894733509682	-7.001485915066794
12177.48085762842	-7.072393557594719
12354.606395397908	-7.133886572179318
12534.308283440243	-7.2013406898813015
12716.62399563306	-7.284878757166588
12901.591550924093	-7.387019169410533
13089.249521259411	-7.503633074795742
13279.637039626952	-7.629312072062576
13472.793808217073	-7.758749942823972
13668.760106701786	-7.886378104511826
13867.576800634426	-8.00770416418571
14069.285349971487	-8.120105690438502
14273.927817718419	-8.222377559162652
14481.54687870117	-8.312870542199633
14692.18582846533	-8.390519387112574
14905.888592304698	-8.455967368165087
15122.699734421185	-8.511399137846972
15342.664467217943	-8.562006646949781
15565.828660727671	-8.618496254386406
15792.238852178061	-8.698730793623486
16021.942255696367	-8.825648661041807
16254.986772155136	-9.01946965067595
16491.42099916115	-9.288202193929873
16731.294241189662	-9.625287466979032
16974.65651986603	-10.016945720788668
17221.558584396902	-10.447773491144194
17472.051922153143	-10.90226973087593
17726.188769406665	-11.366308364777229
17984.022122223458	-11.828873055538624
18245.605747515034	-12.282805784902859
18510.99419425065	-12.724934720459071
18780.242804832582	-13.155849944430264
19053.40772663689	-13.571978446928952
19330.545923722028	-13.947984698458596
19611.71518870775	-14.225201584875569
19896.974154826825	-14.356251268695406
20186.382308152035	-14.388267256341171
