* Exported with UsyTrace, available at https://usyless.uk/trace
* Freq(Hz)	SPL(dB)
20.000000	95.403532
20.290907	95.403532
20.586045	95.403532
20.885476	95.403532
21.189262	95.403532
21.497467	95.403532
21.810155	95.403532
22.127391	95.403532
22.449241	95.403532
22.775773	95.403532
23.107054	95.403532
23.443154	95.403532
23.784142	95.403532
24.130091	95.403532
24.481071	95.403532
24.837156	95.403532
25.198421	95.403532
25.564940	95.403532
25.936791	95.403532
26.314050	95.403532
26.696797	95.403532
27.085111	95.403532
27.479073	95.403532
27.878765	95.403532
28.284271	95.403532
28.695675	95.402735
29.113064	95.401358
29.536523	95.399961
29.966142	95.398544
30.402009	95.397107
30.844217	95.395648
31.292856	95.394168
31.748021	95.392667
32.209807	95.391144
32.678309	95.389598
33.153626	95.388031
33.635857	95.386440
34.125101	95.384826
34.621462	95.383189
35.125043	95.381528
35.635949	95.379843
36.154286	95.378133
36.680162	95.376399
37.213687	95.374639
37.754973	95.372853
38.304131	95.371042
38.861278	95.369204
39.426528	95.367340
40.000000	95.365448
40.581813	95.363529
41.172089	95.361582
41.770951	95.359607
42.378524	95.357603
42.994934	95.354025
43.620309	95.345152
44.254781	95.336150
44.898482	95.327017
45.551545	95.317751
46.214108	95.308272
46.886308	95.294833
47.568285	95.281199
48.260181	95.267366
48.962142	95.253026
49.674312	95.238222
50.396842	95.223203
51.129881	95.207003
51.873582	95.188881
52.628101	95.170496
53.393594	95.153762
54.170222	95.137394
54.958146	95.120787
55.757531	95.102946
56.568542	95.084692
57.391351	95.065753
58.226127	95.045353
59.073046	95.024657
59.932283	95.001516
60.804018	94.977920
61.688433	94.957341
62.585712	94.936746
63.496042	94.916269
64.419613	94.895768
65.356618	94.874309
66.307252	94.850936
67.271713	94.822698
68.250203	94.780124
69.242925	94.728750
70.250086	94.686524
71.271897	94.634802
72.308571	94.593727
73.360323	94.552705
74.427374	94.511708
75.509945	94.470696
76.608262	94.429670
77.722555	94.382742
78.853056	94.328024
80.000000	94.273291
81.163627	94.229893
82.344179	94.188874
83.541903	94.140841
84.757048	94.086113
85.989867	94.042015
87.240619	93.992524
88.509563	93.937786
89.796964	93.882712
91.103091	93.800677
92.428216	93.718620
93.772615	93.639777
95.136569	93.578229
96.520362	93.496139
97.924283	93.428181
99.348625	93.355742
100.793684	93.273679
102.259762	93.191633
103.747164	93.114317
105.256202	93.059625
106.787188	92.992909
108.340444	92.934303
109.916292	92.863830
111.515061	92.794172
113.137085	92.722741
114.782702	92.653790
116.452255	92.547976
118.146092	92.465911
119.864566	92.383866
121.608036	92.322486
123.376866	92.267747
125.171424	92.213070
126.992084	92.158380
128.839227	92.103676
130.713236	92.033899
132.614504	91.978376
134.543426	91.923691
136.500406	91.868993
138.485850	91.814281
140.500173	91.773387
142.543795	91.740493
144.617142	91.707685
146.720647	91.678953
148.854748	91.651452
151.019890	91.618733
153.216525	91.588952
155.445111	91.561523
157.706112	91.537468
160.000000	91.513918
162.327254	91.490570
164.688358	91.467028
167.083805	91.445928
169.514095	91.425379
171.979734	91.404842
174.481237	91.384387
177.019125	91.364037
179.593928	91.345975
182.206182	91.327650
184.856431	91.313680
187.545230	91.303612
190.273138	91.293397
193.040725	91.283034
195.848567	91.272519
198.697250	91.263022
201.587368	91.253515
204.519524	91.243870
207.494329	91.234085
210.512403	91.224157
213.574377	91.233798
216.680888	91.243933
219.832584	91.254214
223.030122	91.264645
226.274170	91.275823
229.565404	91.288261
232.904509	91.300881
236.292183	91.313684
239.729132	91.329596
243.216073	91.347777
246.753732	91.366223
250.342848	91.379724
253.984168	91.393352
257.678453	91.407178
261.426473	91.421493
265.229008	91.436289
269.086853	91.451301
273.000811	91.467405
276.971700	91.485518
281.000346	91.503895
285.087590	91.522037
289.234284	91.540254
293.441294	91.559293
297.709496	91.582610
302.039780	91.606579
306.433050	91.633828
310.890221	91.663208
315.412224	91.696101
320.000000	91.723803
324.654507	91.751253
329.376716	91.778534
334.167610	91.805908
339.028190	91.833293
343.959469	91.860589
348.962474	91.888079
354.038251	91.915299
359.187855	91.942733
364.412363	91.970035
369.712863	91.997393
375.090460	92.024800
380.546277	92.052080
386.081450	92.079921
391.697134	92.120923
397.394500	92.161924
403.174736	92.212706
409.039048	92.248907
414.988657	92.281757
421.024807	92.314666
427.148753	92.347398
433.361775	92.380225
439.665167	92.413147
446.060244	92.445895
452.548340	92.478699
459.130807	92.511599
465.809019	92.544396
472.584367	92.583075
479.458265	92.619512
486.432146	92.652422
493.507464	92.685196
500.685695	92.717989
507.968337	92.750876
515.356906	92.783700
522.852945	92.816471
530.458016	92.849336
538.173706	92.882210
546.001623	92.914958
553.943399	92.947801
562.000691	92.980726
570.175180	93.013451
578.468569	93.046271
586.882588	93.079919
595.418991	93.120960
604.079560	93.161954
612.866100	93.202962
621.780442	93.243986
630.824447	93.285024
640.000000	93.326077
649.309014	93.367145
658.753431	93.408218
668.335221	93.449207
678.056380	93.483360
687.918938	93.519364
697.924949	93.560424
708.076501	93.601499
718.375711	93.642527
728.824726	93.676000
739.425726	93.712655
750.180921	93.751187
761.092554	93.784054
772.162900	93.816805
783.394268	93.849651
794.789000	93.882569
806.349472	93.915297
818.078095	93.945270
829.977315	93.972685
842.049613	93.992779
854.297507	94.011011
866.723550	94.028791
879.330334	94.043516
892.120489	94.058455
905.096680	94.073612
918.261614	94.089797
931.618037	94.106222
945.168733	94.123235
958.916529	94.143587
972.864291	94.164236
987.014928	94.190057
1001.371391	94.217544
1015.936673	94.244774
1030.713812	94.276504
1045.705890	94.317570
1060.916032	94.358650
1076.347412	94.391371
1092.003245	94.428747
1107.886798	94.469791
1124.001383	94.514117
1140.350359	94.568816
1156.937137	94.623529
1173.765175	94.678255
1190.837983	94.732996
1208.159120	94.803502
1225.732199	94.870594
1243.560885	94.952647
1261.648894	95.015160
1280.000000	95.093038
1298.618029	95.175125
1317.506863	95.257210
1336.670442	95.339248
1356.112761	95.445088
1375.837875	95.574626
1395.849898	95.704193
1416.153002	95.833789
1436.751422	95.939576
1457.649452	96.045383
1478.851452	96.186518
1500.361842	96.303180
1522.185107	96.467299
1544.325799	96.631448
1566.788535	96.764449
1589.577999	96.894010
1612.698944	97.023601
1636.156190	97.145504
1659.954630	97.262157
1684.099226	97.412271
1708.595013	97.542945
1733.447100	97.707062
1758.660669	97.918715
1784.240977	98.082833
1810.193360	98.246983
1836.523229	98.411110
1863.236074	98.575252
1890.337467	98.786884
1917.833058	98.951018
1945.728583	99.115165
1974.029857	99.279291
2002.742782	99.443447
2031.873347	99.632048
2061.427625	99.819220
2091.411780	100.030830
2121.832065	100.242477
2152.694823	100.406603
2184.006490	100.570746
2215.773596	100.734881
2248.002765	100.899017
2280.700718	101.110656
2313.874274	101.274784
2347.530351	101.438938
2381.675966	101.590436
2416.318240	101.719724
2451.464399	101.836344
2487.121769	101.953002
2523.297789	102.069631
2560.000000	102.190782
2597.236057	102.302919
2635.013726	102.396660
2673.340883	102.460704
2712.225522	102.521939
2751.675750	102.592446
2791.699796	102.647153
2832.306004	102.701874
2873.502844	102.756609
2915.298905	102.811357
2957.702904	102.844631
3000.723683	102.866743
3044.370214	102.879213
3088.651599	102.891865
3133.577071	102.904700
3179.155999	102.898255
3225.397888	102.885742
3272.312380	102.873047
3319.909260	102.860100
3368.198452	102.832887
3417.190027	102.805463
3466.894200	102.778147
3517.321337	102.743488
3568.481954	102.702442
3620.386720	102.658400
3673.046457	102.594118
3726.472148	102.512046
3780.674934	102.429944
3835.666117	102.347897
3891.457165	102.289546
3948.059713	102.207512
4005.485564	102.148709
4063.746693	102.078234
4122.855250	102.008776
4182.823560	101.937145
4243.664130	101.868393
4305.389646	101.786351
4368.012981	101.688139
4431.547192	101.607470
4496.005531	101.540129
4561.401437	101.466379
4627.748549	101.411673
4695.060701	101.341390
4763.351932	101.286378
4832.636481	101.224792
4902.928797	101.142701
4974.243539	101.036905
5046.595577	100.956692
5120.000000	100.896513
5194.472115	100.815597
5270.027452	100.760918
5346.681766	100.706225
5424.451043	100.651519
5503.351500	100.581116
5583.399591	100.499085
5664.612008	100.439823
5747.005687	100.369342
5830.597810	100.314627
5915.405808	100.268857
6001.447367	100.227822
6088.740429	100.182152
6177.303198	100.133878
6267.154142	100.092826
6358.311998	100.051759
6450.795775	100.010680
6544.624761	99.958865
6639.818520	99.926083
6736.396904	99.893293
6834.380053	99.860410
6933.788400	99.827577
7034.642675	99.788306
7136.963909	99.747284
7240.773439	99.706247
7346.092914	99.660867
7452.944296	99.612303
7561.349867	99.571249
7671.332234	99.528362
7782.914330	99.473674
7896.119426	99.418973
8010.971128	99.349744
8127.493386	99.267705
8245.710500	99.185637
8365.647121	99.079822
8487.328260	98.973987
8610.779292	98.865634
8736.025961	98.749006
8863.094385	98.632341
8992.011061	98.515721
9122.802874	98.397389
9255.497097	98.234939
9390.121402	98.070792
9526.703863	97.906662
9665.272962	97.742522
9805.857594	97.625877
9948.487077	97.461745
10093.191154	97.345091
10240.000000	97.180967
10388.944230	97.016808
10540.054903	96.852692
10693.363532	96.688535
10848.902086	96.557690
11006.703001	96.407762
11166.799182	96.291128
11329.224017	96.145257
11494.011375	96.010344
11661.195620	95.846211
11830.811616	95.682063
12002.894734	95.565433
12177.480858	95.448771
12354.606395	95.332148
12534.308283	95.215485
12716.623996	95.108733
12901.591551	94.982207
13089.249521	94.865575
13279.637040	94.748927
13472.793808	94.637962
13668.760107	94.555898
13867.576801	94.450070
14069.285350	94.368018
14273.927818	94.262177
14481.546879	94.144068
14692.185828	94.027403
14905.888592	93.897268
15122.699734	93.767712
15342.664467	93.661891
15565.828661	93.532331
15792.238852	93.402742
16021.942256	93.280070
16254.986772	93.115926
16491.420999	92.951798
16731.294241	92.787644
16974.656520	92.623524
17221.558584	92.459363
17472.051922	92.295249
17726.188769	92.131096
17984.022122	91.966972
18245.605748	91.802827
18510.994194	91.638694
18780.242805	91.491790
19053.407727	91.385976
19330.545924	91.324760
19611.715189	91.271477
19896.974155	91.271477
20186.382308	91.271477
