20,64
20.290906698750476,64
20.586044732869844,64
20.885475648548283,64
21.189261887185914,64
21.49746679841394,64
21.810154653305165,64
22.12739065777668,64
22.449240966187475,64
22.77577269513385,64
23.107053937445478,64
23.44315377638505,64
23.784142300054445,64
24.130090616010463,64
24.481070866093134,64
24.837156241469714,64
25.1984209978975,64
25.56494047120865,64
25.936791093020236,64
26.3140504066728,64
26.69679708340074,64
27.08511093873791,64
27.47907294916184,64
27.878765268980047,64
28.284271247461966,64
28.695675446220072,64
29.11306365684382,64
29.536522918790062,64
29.966141537533712,64
30.402009102982383,64
30.844216508158908,64
31.29285596815558,64
31.74802103936409,64
32.20980663898519,64
32.67830906482211,64
33.153626015361866,64
33.63585661014871,64
34.125101410453844,64
34.62146244024586,64
35.12504320746613,64
35.635948725613716,64
36.15428553564419,64
36.68016172818701,64
37.21368696608603,64
37.754972507267915,64
38.30413122794313,64
38.86127764614443,64
39.4265279456077,64
40.000000000000206,64
40.58181339750116,64
41.1720894657399,64
41.77095129709678,64
42.37852377437204,64
42.9949335968281,64
43.62030930661056,64
44.25478131555359,64
44.89848193237519,64
45.55154539026795,64
46.21410787489121,64
46.88630755277036,64
47.56828460010916,64
48.260181232021196,64
48.962141732186545,64
49.674312482939705,64
50.39684199579528,64
51.129880942417586,64
51.873582186040764,64
52.628100813345895,64
53.393594166801776,64
54.17022187747612,64
54.95814589832399,64
55.75753053796041,64
56.56854249492426,64
57.39135089244048,64
58.226127313687975,64
59.073045837580466,64
59.932283075067765,64
60.804018205965114,64
61.68843301631817,64
62.58571193631152,64
63.49604207872855,64
64.41961327797075,64
65.35661812964459,63.96721321438206
66.3072520307241,63.91175762612583
67.27171322029778,63.9
68.25020282090806,63.880530355401206
69.2429248804921,63.81211049171406
70.25008641493265,63.78979896302081
71.27189745122783,63.71824820390177
72.30857107128878,63.7
73.36032345637442,63.7
74.42737393217246,63.621679056091985
75.50994501453623,63.60122671854254
76.60826245588666,63.6
77.72255529228926,63.535337260876815
78.85305589121582,63.50471251674263
80.00000000000082,63.44436363636359
81.16362679500274,63.40630328546659
82.34417893148023,63.35192555607213
83.541902594194,63.30836665757154
84.75704754874454,63.26076105050147
85.98986719365665,63.174910181819655
87.24061861322157,63.11173201964813
88.50956263110764,63.1
89.79696386475084,63.079242068405485
91.10309078053635,63.011420734728894
92.42821574978288,62.98468850053866
93.77261510554118,62.91416782803935
95.13656920021877,62.8939112364274
96.52036246404286,62.81847605148288
97.92428346437356,62.8
99.34862496587989,62.72607777898158
100.79368399159105,62.63179896169304
102.25976188483567,62.59997046457564
103.74716437208203,62.54190449524721
105.25620162669229,62.50963218893433
106.78718833360406,62.452375105816955
108.34044375495276,62.41302623583968
109.9162917966485,62.36160737372043
111.51506107592134,62.314087475744486
113.13708498984903,62.27591378666365
114.78270178488147,62.20885490226608
116.45225462737648,62.16572679079392
118.14609167516147,62.08963646750594
119.86456615013608,62.00654822664092
121.60803641193078,61.982392001289355
123.3768660326369,61.92433338142553
125.17142387262359,61.89267162944534
126.99208415745765,61.81483840226869
128.83922655594208,61.72005571635237
130.71323625928977,61.701691906070195
132.61450406144883,61.62847747007782
134.5434264405962,61.602602469288605
136.50040564181674,61.53758312530043
138.48584976098482,61.50431886200773
140.50017282986593,61.44599377812482
142.5437949024563,61.40638687136561
144.61714214257822,61.35496259132919
146.7206469127495,61.30618767088259
148.8547478643456,61.26809833673325
151.01989002907314,61.177383522245066
153.216524911774,61.120344236457605
155.4451105845792,61.074204776065265
157.70611178243232,60.99289922190521
160.00000000000236,60.89999999999998
162.3272535900062,60.88138197127995
164.6883578629612,60.81184240120747
167.08380518838874,60.784579841605925
169.51409509748981,60.71890170070765
171.97973438731407,60.7
174.4812372264439,60.625397467391586
177.01912526221608,60.599521230935856
179.5939277295025,60.53506534250479
182.20618156107355,60.50658869304309
184.85643149956664,60.5
187.54523021108326,60.448671190743156
190.27313840043846,60.409570344394226
193.04072492808663,60.35455985826793
195.84856692874806,60.30251378898278
198.69724993176072,60.3
201.58736798318304,60.3
204.5195237696723,60.3
207.49432874416505,60.27987908146373
210.5124032533856,60.21231994446446
213.57437666720915,60.2
216.68088750990657,60.2
219.83258359329807,60.2
223.03012215184378,60.124246946203904
226.2741699796992,60.1
229.5654035697641,60.1
232.90450925475412,60.1
236.2921833503241,60.1
239.72913230027333,60.1
243.21607282386276,60.1
246.75373206527502,60.1
250.34284774524843,60.1
253.9841683149166,60.1
257.67845311188546,60.1
261.42647251858085,60.1
265.22900812289896,60.1
269.08685288119375,60.1
273.0008112836349,60.1
276.97169952197106,60.1
281.00034565973334,60.1
285.0875898049141,60.1
289.23428428515797,60.1
293.44129382550057,60.1
297.7094957286928,60.1
302.0397800581479,60.1
306.4330498235497,60.1
310.89022116916016,60.0328547826203
315.41222356486645,60.00201313429033
320.00000000000654,60
324.6545071800142,60
329.3767157259242,60
334.16761037677935,60
339.02819019498156,60
343.95946877463007,60
348.9624744528898,60
354.03825052443415,60
359.187855459007,60
364.4123631221491,60
369.71286299913527,60
375.0904604221685,60
380.54627680087896,60
386.08144985617537,60
391.6971338574982,60
397.3944998635236,60
403.1747359663683,60
409.0390475393468,60
414.9886574883323,60
421.0248065067734,60
427.1487533344206,60
433.3617750198154,60
439.6651671865984,60
446.06024430368984,60.03938556816372
452.54833995940066,60.08894664569087
459.13080713953053,60.1
465.8090185095106,60.1
472.58436670065066,60.1
479.45826460054917,60.1
486.432145647728,60.1
493.50746413055253,60.11290320167729
500.6856954904994,60.18430344900082
507.9683366298358,60.2
515.3569062237735,60.201589226555946
522.8529450371643,60.27574710746827
530.4580162458005,60.298111069901104
538.1737057623901,60.367679249420206
546.0016225672724,60.398245708225346
553.9433990439449,60.45849813694523
562.0006913194694,60.49592781712684
570.1751796098309,60.5
578.4685685703187,60.54584597974213
586.8825876510039,60.59395200566106
595.4189914573883,60.63816658938634
604.0795601162986,60.688541375360586
612.8660996471021,60.726348657395754
621.780442338323,60.79060940600508
630.8244471297356,60.81773541349407
640.0000000000159,60.884080000000125
649.3090143600314,60.91210047932939
658.7534314518515,60.992606612995225
668.3352207535618,61.0842012449513
678.0563803899662,61.1008862018429
687.9189375492632,61.17696342172194
697.9249489057827,61.27171151767059
708.0765010488715,61.29832655591252
718.3757109180171,61.363822917195286
728.8247262443015,61.395293498601305
739.425725998274,61.4546829617288
750.1809208443404,61.49419548378512
761.0925536017613,61.547115959572764
772.1628997123541,61.63530114299648
783.3942677149998,61.69284719254864
794.7889997270506,61.735240399017385
806.34947193274,61.79147727325269
818.0780950786972,61.82519523769674
829.9773149766683,61.88820100403056
842.0496130135506,61.91624687437191
854.2975066688449,61.98856491979241
866.7235500396347,62
879.3303343732008,62.00683391350842
892.1204886073838,62.08340727828958
905.0966799188055,62.09960469506006
918.2616142790653,62.17456797454781
931.6180370190256,62.19866243617223
945.1687334013056,62.26565619706625
958.9165292011028,62.29716327437381
972.8642912954606,62.3
987.0149282611097,62.3535064805228
1001.3713909810035,62.39376644146923
1015.9366732596762,62.44488189145638
1030.7138124475518,62.49288015876523
1045.7058900743334,62.534390609134526
1060.916032491606,62.58855077062509
1076.3474115247852,62.626341144586206
1092.0032451345498,62.68726379182184
1107.8867980878947,62.7192496546438
1124.0013826389438,62.78573782617647
1140.350359219667,62.808677733492786
1156.9371371406426,62.883856911047154
1173.765175302013,62.90234817696329
1190.837982914782,62.979497305428296
1208.1591202326028,62.99949866827634
1225.73219929421,63
1243.5608846766518,63.06641381288628
1261.648894259477,63.096667511513594
1280.0000000000375,63.157333333333476
1298.6180287200684,63.248123145867716
1317.5068629037087,63.29362042856624
1336.6704415071292,63.344701996299285
1356.112760779938,63.4325080173905
1375.8378750985323,63.491911617357296
1395.8498978115715,63.531172310951405
1416.153002097749,63.58845900629325
1436.7514218360407,63.622363148151116
1457.6494524886093,63.706626806269846
1478.8514519965543,63.785253797551384
1500.3618416886875,63.810169078703375
1522.1851072035295,63.89107457802256
1544.3257994247153,63.984568357583804
1566.788535430007,64
1589.5779994541087,64.07584670211916
1612.6989438654878,64.17032177058068
1636.156190157402,64.26502448732937
1659.9546299533442,64.29671313683708
1684.099226027109,64.35853899580395
1708.5950133376978,64.4493967514835
1733.4471000792773,64.54418076870157
1758.6606687464096,64.59331742986946
1784.2409772147755,64.64199177803228
1810.193359837619,64.72859273756241
1836.5232285581387,64.85611681059142
1863.2360740380593,65.00755745027189
1890.3374668026197,65.11303293973359
1917.833058402214,65.20782941157618
1945.7285825909298,65.31935540318759
1974.0298565222283,65.48339161351234
2002.7427819620161,65.60022898835877
2031.8733465193618,65.77431210860675
2061.4276248951132,65.96401822474505
2091.411780148677,66.15357558753716
2121.832064983222,66.34308989709577
2152.694823049581,66.53260151281017
2184.0064902691106,66.7865615186979
2215.7735961758003,67.06765013102722
2248.002765277899,67.40781187591462
2280.7007184393456,67.78183830994843
2313.874274281297,68.11399602821712
2347.530350604038,68.40508368964873
2381.6759658295764,68.68947331618449
2416.318240465218,68.9738859347809
2451.4643985884327,69.22825742438458
2487.1217693533167,69.45481675759808
2523.2977885189675,69.70559568123056
2560.0000000000887,69.89006486486527
2597.236057440151,70.01180926250466
2635.0137258074315,70.18713185917298
2673.340883014273,70.37682499088099
2712.225521559891,70.56653087159148
2751.6757501970797,70.75601684344402
2791.699795623158,70.87195024467826
2832.3060041955137,70.96757861952858
2873.502843672097,70.9323857356418
2915.2989049772345,70.90375886780873
2957.7029039931244,70.84364909399211
3000.723683377391,70.75329097490318
3044.370214407075,70.6585254219774
3088.6515988494466,70.60779184107385
3133.57707086003,70.56033419871179
3179.1559989082334,70.47408066004381
3225.3978877309914,70.37928857423515
3272.3123803148205,70.25752293182481
3319.9092599067053,70.10119458802032
3368.198452054235,69.97646741381182
3417.190026675413,69.81396076339783
3466.8942001585724,69.69524104645971
3517.3213374928373,69.52562090222602
3568.4819544295697,69.4155083843053
3620.386719675257,69.32070726243757
3673.0464571162966,69.22596472213557
3726.472148076138,69.13116782673929
3780.6749336052594,69.03636706026639
3835.6661168044484,68.94165213506093
3891.45716518188,68.84687076736452
3948.059713044477,68.6987676816753
4005.4855639240527,68.51452512569838
4063.746693038744,68.32488789139319
4122.855249790247,68.13534600617933
4182.823560297375,67.94575159014401
4243.664129966465,67.75613411407144
4305.389646099183,67.5665094285912
4368.012980538242,67.40008721518566
4431.5471923516225,67.31284861858052
4496.00553055582,67.3
4561.401436878714,67.3
4627.748548562617,67.3
4695.060701208099,67.30205450377642
4763.351931659176,67.38049434019494
4832.63648093046,67.55091849851225
4902.928797176889,67.66866391025479
4974.243538706657,67.83191428316381
5046.595577037959,68.01926487806634
5120.000000000202,68.15038219178115
5194.472114880326,68.3035699540423
5270.027451614888,68.43782020747365
5346.6817660285715,68.4477265066753
5424.451043119808,68.40778196497735
5503.351500394186,68.4
5583.399591246343,68.3669732064206
5664.612008391055,68.31058671975177
5747.005687344222,68.3
5830.597809954497,68.27950232107312
5915.405807986278,68.16507551559819
6001.447366754812,67.90808752079461
6088.740428814181,67.60933675072259
6177.303197698925,67.16522797903035
6267.154141720092,66.6911020340799
6358.3119978165005,66.21722366349489
6450.795775462017,65.81573559827034
6544.624760629676,65.50379942448394
6639.818519813445,65.2813444377794
6736.396904108505,65.02899168660088
6834.380053350861,64.85925355164686
6933.788400317181,64.75471923129835
7034.642674985712,64.80048663605345
7136.963908859177,65.01206213849218
7240.773439350552,65.28889241791757
7346.092914232631,65.57327572654167
7452.944296152315,65.85770443492405
7561.349867210557,66.142167129497
7671.332233608935,66.40547014791913
7782.914330363799,66.60744402978648
7896.119426088994,66.80952699981898
8010.971127848146,67.07136578694903
8127.49338607753,67.27237833626396
8245.710499580537,67.38296839966443
8365.647120594791,67.4
8487.328259932974,67.25296153380314
8610.77929219841,66.92677877329379
8736.025961076528,66.55144401831775
8863.094384703289,66.05092882319454
8992.011061111683,64.98272399923248
9122.802873757471,63.75882903257008
9255.497097125279,62.55682571282823
9390.121402416245,61.461485197516375
9526.7038633184,60.5304515322831
9665.272961860968,59.738828068443595
9805.857594353829,58.9643080515075
9948.487077413367,58.15285514813266
10093.19115407597,57.650195148118975
10240.000000000457,57.512911564625625
10388.944229760706,57.5
10540.05490322983,57.5
10693.363532057198,57.52125204857325
10848.902086239672,57.84040795052268
11006.703000788428,58.453513788749945
11166.799182492743,59.265987622127945
11329.224016782166,60.04725090868192
11494.0113746885,61.46728814517567
11661.195619909053,62.59232246539405
11830.811615972614,63.41915585474445
12002.894733509682,63.54384648649469
12177.48085762842,63.18101398719092
12354.606395397908,62.71338722493802
12534.308283440243,62.279805490604204
12716.62399563306,61.85634511340545
12901.591550924093,61.32764523217142
13089.249521259411,60.68416019947212
13279.637039626952,60.06705982112331
13472.793808217073,59.569043137914164
13668.760106701786,59.08016072768192
13867.576800634426,58.556243194290225
14069.285349971487,58.23403967885095
14273.927817718419,58.02896477430298
14481.54687870117,57.83932195426023
14692.18582846533,57.649825225931345
14905.888592304698,57.46031256764823
15122.699734421185,57.270770552690514
15342.664467217943,57.08121067840494
15565.828660727671,56.891638036579856
15792.238852178061,56.70204543448035
16021.942255696367,56.512410159874385
16254.986772155136,56.32287739591861
16491.42099916115,56.13326320067108
16731.294241189662,55.90667370297243
16974.65651986603,55.66376782618354
17221.558584396902,55.46442993880253
17472.051922153143,55.274752810995075
17726.188769406665,55.08509792771222
17984.022122223458,54.89551711036947
18245.605747515034,54.694152184917016
18510.99419425065,54.431684204221035
18780.242804832582,54.22967023178379
19053.40772663689,54.118420402317994
19330.545923722028,53.94704376381388
19611.71518870775,53.7216501275479
19896.974154826825,53.48534528077571
20186.382308152035,53.4
