20	63.99999549170906
20.290906698750476	63.999996117536625
20.586044732869844	63.99999674957394
20.885475648548283	63.99999739780115
21.189261887185914	63.99999807611101
21.49746679841394	63.99999880152561
21.810154653305165	63.999999593376316
22.12739065777668	64.00000047242597
22.449240966187475	64.00000145991025
22.77577269513385	64.00000257647267
23.107053937445478	64.00000384096771
23.44315377638505	64.00000526910675
23.784142300054445	64.00000687192353
24.130090616010463	64.00000865403999
24.481070866093134	64.00001061171832
24.837156241469714	64.00001273069323
25.1984209978975	64.0000149837881
25.56494047120865	64.00001732833185
25.936791093020236	64.0000197034086
26.3140504066728	64.0000220269918
26.69679708340074	64.00002419303638
27.08511093873791	64.00002606862898
27.47907294916184	64.00002749132611
27.878765268980047	64.00002826684391
28.284271247461966	64.00002816730071
28.695675446220072	64.00002693025343
29.11306365684382	64.00002425881287
29.536522918790062	64.00001982316752
29.966141537533712	64.00001326389052
30.402009102982383	64.000004197449
30.844216508158908	63.99999222437501
31.29285596815558	63.99997694059254
31.74802103936409	63.99995795241842
32.20980663898519	63.99993489576766
32.67830906482211	63.999907460085296
33.153626015361866	63.99987541749603
33.63585661014871	63.999838657601565
34.125101410453844	63.99979722825608
34.62146244024586	63.99975138250672
35.12504320746613	63.99970163168787
35.635948725613716	63.99964880439798
36.15428553564419	63.99959411075577
36.68016172818701	63.99953921092049
37.21368696608603	63.99948628635894
37.754972507267915	63.99943811174445
38.30413122794313	63.999398124671956
38.86127764614443	63.99937048956744
39.4265279456077	63.99936015125861
40.000000000000206	63.99937287266102
40.58181339750116	63.99941524993248
41.1720894657399	63.999494697275004
41.77095129709678	63.99961939234594
42.37852377437204	63.99979817201751
42.9949335968281	64.0000403670471
43.62030930661056	64.00035556315598
44.25478131555359	64.00075327514826
44.89848193237519	64.00124252013289
45.55154539026795	64.00183127577046
46.21410787489121	64.00252580989526
46.88630755277036	64.00332986903729
47.56828460010916	64.00424371548146
48.260181232021196	64.00526300577542
48.962141732186545	64.00637750827148
49.674312482939705	64.00756966362798
50.39684199579528	64.00881300046765
51.129880942417586	64.01007042888226
51.873582186040764	64.01129244744872
52.628100813345895	64.0124153151381
53.393594166801776	64.01335925816444
54.17022187747612	64.01402680358163
54.95814589832399	64.0143013563479
55.75753053796041	64.01404616456131
56.56854249492426	64.01310384838193
57.39135089244048	64.01129670132883
58.226127313687975	64.00842800743504
59.073045837580466	64.00428465308454
59.932283075067765	63.99864134676261
60.804018205965114	63.9912667914714
61.68843301631817	63.98193218068761
62.58571193631152	63.970422406342266
63.49604207872855	63.956550372551774
64.41961327797075	63.94017479714148
65.35661812964459	63.921221848981055
66.3072520307241	63.89970240616328
67.27171322029778	63.875693602040286
68.25020282090806	63.84930345630189
69.2429248804921	63.82067691293033
70.25008641493265	63.789996026315976
71.27189745122783	63.7574419359959
72.30857107128878	63.72318272850097
73.36032345637442	63.68733789316496
74.42737393217246	63.649994653344315
75.50994501453623	63.611239989740895
76.60826245588666	63.57113041209492
77.72255529228926	63.52971159963257
78.85305589121582	63.487060252237164
80.00000000000082	63.44327244060784
81.16362679500274	63.398466107856656
82.34417893148023	63.35276768683535
83.541902594194	63.306312679356594
84.75704754874454	63.259238461814945
85.98986719365665	63.21168500870827
87.24061861322157	63.16378379916894
88.50956263110764	63.11560770641176
89.79696386475084	63.06715193898129
91.10309078053635	63.01838108131786
92.42821574978288	62.969267551392235
93.77261510554118	62.91978367502901
95.13656920021877	62.86991689679069
96.52036246404286	62.81965994413299
97.92428346437356	62.769033455812504
99.34862496587989	62.71807393378541
100.79368399159105	62.66685947475974
102.25976188483567	62.61547695302186
103.74716437208203	62.56396538108574
105.25620162669229	62.512324929946125
106.78718833360406	62.46052077431854
108.34044375495276	62.40850452407752
109.9162917966485	62.35621751015928
111.51506107592134	62.30360628466534
113.13708498984903	62.25062988408812
114.78270178488147	62.197272383969
116.45225462737648	62.1435606355973
118.14609167516147	62.08955433944173
119.86456615013608	62.03534863752117
121.60803641193078	61.98103625067433
123.3768660326369	61.92666891438569
125.17142387262359	61.87228910205873
126.99208415745765	61.81794390690876
128.83922655594208	61.76370863115297
130.71323625928977	61.70964497995023
132.61450406144883	61.65574444433249
134.5434264405962	61.601959350675095
136.50040564181674	61.548197180568934
138.48584976098482	61.494351726873795
140.50017282986593	61.44030429037759
142.5437949024563	61.38595012655161
144.61714214257822	61.331205882119306
146.7206469127495	61.27603339265215
148.8547478643456	61.22045423211712
151.01989002907314	61.1645696251901
153.216524911774	61.10857849285926
155.4451105845792	61.05272642021158
157.70611178243232	60.997293825419504
160.00000000000236	60.94260137682945
162.3272535900062	60.8889525249026
164.6883578629612	60.83657013435336
167.08380518838874	60.78563355443752
169.51409509748981	60.73627359876531
171.97973438731407	60.688599964349606
174.4812372264439	60.642695098312345
177.01912526221608	60.59864655231198
179.5939277295025	60.55651493180636
182.20618156107355	60.51634397249899
184.85643149956664	60.47813157924133
187.54523021108326	60.44185702411481
190.27313840043846	60.407541503476324
193.04072492808663	60.37523170906506
195.84856692874806	60.3449712573644
198.69724993176072	60.31674036906284
201.58736798318304	60.2904117542638
204.5195237696723	60.265806023642085
207.49432874416505	60.24277378428892
210.5124032533856	60.221264554738475
213.57437666720915	60.20132217506364
216.68088750990657	60.18299022734959
219.83258359329807	60.16631402555213
223.03012215184378	60.15139590982309
226.2741699796992	60.13840925415014
229.5654035697641	60.12746118247351
232.90450925475412	60.11853649252671
236.2921833503241	60.11152089679828
239.72913230027333	60.10623204929846
243.21607282386276	60.10244444135733
246.75373206527502	60.09990857851902
250.34284774524843	60.09836504137663
253.9841683149166	60.09755416291555
257.67845311188546	60.097222138070215
261.42647251858085	60.097124430873
265.22900812289896	60.09702737203147
269.08685288119375	60.09670885393852
273.0008112836349	60.09595903720215
276.97169952197106	60.0945819858623
281.00034565973334	60.09239914712139
285.0875898049141	60.089255581303696
289.23428428515797	60.08502982018217
293.44129382550057	60.07964817329512
297.7094957286928	60.07310419379667
302.0397800581479	60.06548383370242
306.4330498235497	60.05699653361426
310.89022116916016	60.04801206951118
315.41222356486645	60.03904916387432
320.00000000000654	60.030582300481655
324.6545071800142	60.02292987101657
329.3767157259242	60.016261689090776
334.16761037677935	60.0106330114866
339.02819019498156	60.00601638754567
343.95946877463007	60.00232922555946
348.9624744528898	59.99945699015114
354.03825052443415	59.997272237151776
359.187855459007	59.995649883037466
364.4123631221491	59.9944792070663
369.71286299913527	59.99367310784173
375.0904604221685	59.99317509301285
380.54627680087896	59.99296438061443
386.08144985617537	59.99305934110409
391.6971338574982	59.99351931732765
397.3944998635236	59.994444631894446
403.1747359663683	59.99597433491866
409.0390475393468	59.99828096904805
414.9886574883323	60.001561346388755
421.0248065067734	60.006022062725165
427.1487533344206	60.01185824638927
433.3617750198154	60.01922389174457
439.6651671865984	60.028192114249364
446.06024430368984	60.038703856011416
452.54833995940066	60.05054993763307
459.13080713953053	60.06353751462137
465.8090185095106	60.07770030374991
472.58436670065066	60.0933203617423
479.45826460054917	60.11084112434068
486.432145647728	60.13075285148292
493.50746413055253	60.153459670010776
500.6856954904994	60.179140623629586
507.9683366298358	60.20772975656535
515.3569062237735	60.23912506054523
522.8529450371643	60.27313784768795
530.4580162458005	60.3093658514553
538.1737057623901	60.34735369326217
546.0016225672724	60.38661495941663
553.9433990439449	60.42678226255363
562.0006913194694	60.46763396831949
570.1751796098309	60.509199345712936
578.4685685703187	60.55171393508934
586.8825876510039	60.59538999302764
595.4189914573883	60.64038599234444
604.0795601162986	60.68683820625879
612.8660996471021	60.73486887166622
621.780442338323	60.78459347439992
630.8244471297356	60.83608280804978
640.0000000000159	60.889402493874954
649.3090143600314	60.944489614439156
658.7534314518515	61.00115144341575
668.3352207535618	61.05893285593661
678.0563803899662	61.11730377416361
687.9189375492632	61.17587824245
697.9249489057827	61.23419345642523
708.0765010488715	61.29183869643663
718.3757109180171	61.34871971992654
728.8247262443015	61.40490206437027
739.425725998274	61.46056997553059
750.1809208443404	61.51584483494446
761.0925536017613	61.57072894196716
772.1628997123541	61.62496782760873
783.3942677149998	61.67807066012496
794.7889997270506	61.72962275646724
806.34947193274	61.77938455640245
818.0780950786972	61.82723389725071
829.9773149766683	61.8731744076941
842.0496130135506	61.917256833878476
854.2975066688449	61.95967605171621
866.7235500396347	62.000730359414256
879.3303343732008	62.0410170232649
892.1204886073838	62.081107938699326
905.0966799188055	62.121205755022956
918.2616142790653	62.16138389284472
931.6180370190256	62.20151465943448
945.1687334013056	62.241553533232704
958.9165292011028	62.281533316549606
972.8642912954606	62.321817963159596
987.0149282611097	62.36296843012654
1001.3713909810035	62.405288734969396
1015.9366732596762	62.448854794707984
1030.7138124475518	62.49354763698975
1045.7058900743334	62.53915499704623
1060.916032491606	62.58542554757913
1076.3474115247852	62.63205029516439
1092.0032451345498	62.67872739247514
1107.8867980878947	62.72511474186464
1124.0013826389438	62.77095412438857
1140.350359219667	62.815987313496464
1156.9371371406426	62.86013417445066
1173.765175302013	62.90335207955695
1190.837982914782	62.94594927984173
1208.1591202326028	62.988455127158396
1225.73219929421	63.03200931266311
1243.5608846766518	63.07794271532186
1261.648894259477	63.1270172048023
1280.0000000000375	63.1795058031518
1298.6180287200684	63.23496592335605
1317.5068629037087	63.29246089358836
1336.6704415071292	63.351208651421
1356.112760779938	63.41048055159988
1375.8378750985323	63.46953602228642
1395.8498978115715	63.52817257282275
1416.153002097749	63.58678779360779
1436.7514218360407	63.64597065483556
1457.6494524886093	63.70623024396465
1478.8514519965543	63.76755601905485
1500.3618416886875	63.82991792646584
1522.1851072035295	63.893585871217816
1544.3257994247153	63.95844292504811
1566.788535430007	64.02435602802727
1589.5779994541087	64.09167805728687
1612.6989438654878	64.16019398978112
1636.156190157402	64.22918241047955
1659.9546299533442	64.29833859215229
1684.099226027109	64.36840523445096
1708.5950133376978	64.44025528034226
1733.4471000792773	64.51453225051563
1758.6606687464096	64.59230409844717
1784.2409772147755	64.67561400312334
1810.193359837619	64.7664941618013
1836.5232285581387	64.86560655286277
1863.2360740380593	64.9720321651109
1890.3374668026197	65.08453022098874
1917.833058402214	65.203243653611
1945.7285825909298	65.32965708885827
1974.0298565222283	65.46557425349107
2002.7427819620161	65.61262929933756
2031.8733465193618	65.77291245854137
2061.4276248951132	65.94821750905267
2091.411780148677	66.14043383287905
2121.832064983222	66.35224000080464
2152.694823049581	66.58692197647905
2184.0064902691106	66.8469218766406
2215.7735961758003	67.13154591188353
2248.002765277899	67.43608425533797
2280.7007184393456	67.75189889235004
2313.874274281297	68.06865492079103
2347.530350604038	68.37768436715103
2381.6759658295764	68.67326075692009
2416.318240465218	68.95181164202987
2451.4643985884327	69.21124466980936
2487.1217693533167	69.45108303513764
2523.2977885189675	69.67212313634819
2560.0000000000887	69.87608214562943
2597.236057440151	70.06685539138589
2635.0137258074315	70.24881027646524
2673.340883014273	70.4222412428419
2712.225521559891	70.58206938905067
2751.6757501970797	70.719120461896
2791.699795623158	70.82310243893784
2832.3060041955137	70.88677862343131
2873.502843672097	70.90830992803099
2915.2989049772345	70.89282931106298
2957.7029039931244	70.8488397166065
3000.723683377391	70.7859928402762
3044.370214407075	70.71310716572509
3088.6515988494466	70.63524371767063
3133.57707086003	70.55186723991969
3179.1559989082334	70.45925776941061
3225.3978877309914	70.35416938062623
3272.3123803148205	70.23538838687234
3319.9092599067053	70.10477932325298
3368.198452054235	69.96671773137133
3417.190026675413	69.82598560774265
3466.8942001585724	69.68792628328498
3517.3213374928373	69.5571086252824
3568.4819544295697	69.43772274256624
3620.386719675257	69.33023340962177
3673.0464571162966	69.23161143279258
3726.472148076138	69.13700777633966
3780.6749336052594	69.04049270015975
3835.6661168044484	68.93516540441735
3891.45716518188	68.8136571148434
3948.059713044477	68.67033805002819
4005.4855639240527	68.5049469149165
4063.746693038744	68.32233171978926
4122.855249790247	68.1296523493945
4182.823560297375	67.93494889889827
4243.664129966465	67.74755797813373
4305.389646099183	67.57892683218547
4368.012980538242	67.44171074322053
4431.5471923516225	67.34530050685665
4496.00553055582	67.29062843237529
4561.401436878714	67.2720320149803
4627.748548562617	67.28531566096491
4695.060701208099	67.33219944569615
4763.351931659176	67.41685887349776
4832.63648093046	67.53685247534844
4902.928797176889	67.68214525030817
4974.243538706657	67.84304635778129
5046.595577037959	68.00726858593649
5120.000000000202	68.16018506671621
5194.472114880326	68.28860966280062
5270.027451614888	68.37869035143366
5346.6817660285715	68.4228479816145
5424.451043119808	68.42957342618087
5503.351500394186	68.41540222415462
5583.399591246343	68.39201070816996
5664.612008391055	68.36418677405614
5747.005687344222	68.32558569320899
5830.597809954497	68.25201481093792
5915.405807986278	68.11053742858519
6001.447366754812	67.87831683020892
6088.740428814181	67.5528059113553
6177.303197698925	67.14893208451115
6267.154141720092	66.70287979383252
6358.3119978165005	66.25953000167304
6450.795775462017	65.85754051041472
6544.624760629676	65.51640898571247
6639.818519813445	65.23610124758734
6736.396904108505	65.01254767284517
6834.380053350861	64.85910259367473
6933.788400317181	64.79974420058626
7034.642674985712	64.85546963004346
7136.963908859177	65.02292833372191
7240.773439350552	65.26961271739042
7346.092914232631	65.5546009672849
7452.944296152315	65.84666206347103
7561.349867210557	66.12676622675718
7671.332233608935	66.38527317725386
7782.914330363799	66.62408722893487
7896.119426088994	66.85515664380836
8010.971127848146	67.07801392581071
8127.49338607753	67.26420626823679
8245.710499580537	67.37651525792653
8365.647120594791	67.38249585542972
8487.328259932974	67.25745845623142
8610.77929219841	66.98778348498767
8736.025961076528	66.54963749957548
8863.094384703289	65.87858002854412
8992.011061111683	64.9316192705137
9122.802873757471	63.79641448021565
9255.497097125279	62.62092783037376
9390.121402416245	61.52183042587056
9526.7038633184	60.54709413161197
9665.272961860968	59.68062436505154
9805.857594353829	58.89293903513401
9948.487077413367	58.21648493599004
10093.19115407597	57.744524486011976
10240.000000000457	57.505926633890375
10388.944229760706	57.428035707268
10540.05490322983	57.44087626528383
10693.363532057198	57.56381735332913
10848.902086239672	57.88427271948657
11006.703000788428	58.4471553311709
11166.799182492743	59.23911741351578
11329.224016782166	60.2499023437109
11494.0113746885	61.44082881752209
11661.195619909053	62.54113813191054
11830.811615972614	63.26827637551525
12002.894733509682	63.466295467324166
12177.48085762842	63.22772301648385
12354.606395397908	62.78800687744651
12534.308283440243	62.31406384273448
12716.62399563306	61.8306648579757
12901.591550924093	61.29174918138995
13089.249521259411	60.69409447677555
13279.637039626952	60.10013371809709
13472.793808217073	59.55542881249737
13668.760106701786	59.048723004560216
13867.576800634426	58.59407889868803
14069.285349971487	58.253051953892985
14273.927817718419	58.017883069206725
14481.54687870117	57.82922460812924
14692.18582846533	57.64695801643929
14905.888592304698	57.460519840979316
15122.699734421185	57.27123668225182
15342.664467217943	57.0812892335927
15565.828660727671	56.891555852694125
15792.238852178061	56.7024880424965
16021.942255696367	56.514403530395796
16254.986772155136	56.32508819677995
16491.42099916115	56.12486297165036
16731.294241189662	55.90255505473609
16974.65651986603	55.67376813730776
17221.558584396902	55.46514620713004
17472.051922153143	55.27375721709139
17726.188769406665	55.08709687676011
17984.022122223458	54.893714286617914
18245.605747515034	54.677533582539155
18510.99419425065	54.44336165951199
18780.242804832582	54.24996360976619
19053.40772663689	54.104550837026004
19330.545923722028	53.933666730274126
19611.71518870775	53.717183633539854
19896.974154826825	53.514420345281515
20186.382308152035	53.38540532776393
