20	65.6
20.290906698750476	65.55380057890238
20.586044732869844	65.50240030594638
20.885475648548283	65.5
21.189261887185914	65.5
21.49746679841394	65.5
21.810154653305165	65.5
22.12739065777668	65.5
22.449240966187475	65.5
22.77577269513385	65.5
23.107053937445478	65.5
23.44315377638505	65.5
23.784142300054445	65.5
24.130090616010463	65.58252265400262
24.481070866093134	65.6
24.837156241469714	65.6
25.1984209978975	65.6
25.56494047120865	65.6
25.936791093020236	65.6
26.3140504066728	65.6
26.69679708340074	65.6
27.08511093873791	65.6
27.47907294916184	65.63767484813685
27.878765268980047	65.68557306700863
28.284271247461966	65.7
28.695675446220072	65.7
29.11306365684382	65.7
29.536522918790062	65.7
29.966141537533712	65.7
30.402009102982383	65.7
30.844216508158908	65.7
31.29285596815558	65.7
31.74802103936409	65.7
32.20980663898519	65.7
32.67830906482211	65.7
33.153626015361866	65.7
33.63585661014871	65.7
34.125101410453844	65.7
34.62146244024586	65.6427654006146
35.12504320746613	65.60481222608067
35.635948725613716	65.6
36.15428553564419	65.55866001625638
36.68016172818701	65.51088530968968
37.21368696608603	65.46516755745556
37.754972507267915	65.37865895498416
38.30413122794313	65.31023878485567
38.86127764614443	65.27309213730824
39.4265279456077	65.19394044426176
40.000000000000206	65.09886666666664
40.58181339750116	65.00456743853648
41.1720894657399	64.90949359601588
41.77095129709678	64.81425421941016
42.37852377437204	64.7201870927091
42.9949335968281	64.62536271502128
43.62030930661056	64.45935091969616
44.25478131555359	64.33891699740987
44.89848193237519	64.1794745208352
45.55154539026795	63.992330629020906
46.21410787489121	63.80175103990622
46.88630755277036	63.56242767746422
47.56828460010916	63.33026229193483
48.260181232021196	63.13285042009706
48.962141732186545	62.94370509788878
49.674312482939705	62.722017514414674
50.39684199579528	62.47364319603648
51.129880942417586	62.30203939202681
51.873582186040764	62.172889387422856
52.628100813345895	61.99594587227354
53.393594166801776	61.81496215746856
54.17022187747612	61.70860048641728
54.95814589832399	61.61349341925196
55.75753053796041	61.51815386598271
56.56854249492426	61.42339836715319
57.39135089244048	61.32859464736934
58.226127313687975	61.30311038916624
59.073045837580466	61.3
59.932283075067765	61.240115517416676
60.804018205965114	61.20574879929169
61.68843301631817	61.24853452765043
62.58571193631152	61.294463378247976
63.49604207872855	61.3
64.41961327797075	61.3
65.35661812964459	61.3
66.3072520307241	61.26916297242634
67.27171322029778	61.20880902553956
68.25020282090806	61.18053035540121
69.2429248804921	61.11211049171406
70.25008641493265	61.08979896302081
71.27189745122783	61.007309854059095
72.30857107128878	60.91213488986995
73.36032345637442	60.817084856580664
74.42737393217246	60.8007061975502
75.50994501453623	60.72662534291876
76.60826245588666	60.70196966749862
77.72255529228926	60.63533726087682
78.85305589121582	60.60471251674263
80.00000000000082	60.6
81.16362679500274	60.6
82.34417893148023	60.55192555607213
83.541902594194	60.50836665757154
84.75704754874454	60.5
85.98986719365665	60.46601455968445
87.24061861322157	60.41173201964813
88.50956263110764	60.4
89.79696386475084	60.37924206840548
91.10309078053635	60.31142073472889
92.42821574978288	60.3
93.77261510554118	60.3
95.13656920021877	60.3
96.52036246404286	60.2978393009622
97.92428346437356	60.221330560193046
99.34862496587989	60.200484794708665
100.79368399159105	60.2
102.25976188483567	60.2
103.74716437208203	60.2
105.25620162669229	60.2
106.78718833360406	60.2
108.34044375495276	60.2
109.9162917966485	60.2
111.51506107592134	60.2
113.13708498984903	60.17591378666365
114.78270178488147	60.10885490226608
116.45225462737648	60.1
118.14609167516147	60.1
119.86456615013608	60.1
121.60803641193078	60.1
123.3768660326369	60.1
125.17142387262359	60.1
126.99208415745765	60.1
128.83922655594208	60.1
130.71323625928977	60.1
132.61450406144883	60.1
134.5434264405962	60.1
136.50040564181674	60.1
138.48584976098482	60.1
140.50017282986593	60.1
142.5437949024563	60.1
144.61714214257822	60.1
146.7206469127495	60.1
148.8547478643456	60.1
151.01989002907314	60.1
153.216524911774	60.1
155.4451105845792	60.1
157.70611178243232	60.1
160.00000000000236	60.1
162.3272535900062	60.1
164.6883578629612	60.1
167.08380518838874	60.1
169.51409509748981	60.1
171.97973438731407	60.1
174.4812372264439	60.1
177.01912526221608	60.1
179.5939277295025	60.1
182.20618156107355	60.03837399506068
184.85643149956664	60.00116290485351
187.54523021108326	60
190.27313840043846	60
193.04072492808663	60
195.84856692874806	60
198.69724993176072	59.9695210757711
201.58736798318304	59.909091658770535
204.5195237696723	59.9
207.49432874416505	59.9
210.5124032533856	59.9
213.57437666720915	59.8905606188869
216.68088750990657	59.80946700387277
219.83258359329807	59.8
223.03012215184378	59.8
226.2741699796992	59.8
229.5654035697641	59.72774113278498
232.90450925475412	59.70424502663783
236.2921833503241	59.7
239.72913230027333	59.7
243.21607282386276	59.7
246.75373206527502	59.7
250.34284774524843	59.7
253.9841683149166	59.746180004673334
257.67845311188546	59.79591635452094
261.42647251858085	59.8
265.22900812289896	59.8
269.08685288119375	59.8
273.0008112836349	59.8
276.97169952197106	59.8
281.00034565973334	59.816876944335995
285.0875898049141	59.87066640095666
289.23428428515797	59.81625231604752
293.44129382550057	59.8
297.7094957286928	59.87873404684151
302.0397800581479	59.89710013577561
306.4330498235497	59.9
310.89022116916016	59.9
315.41222356486645	59.9
320.00000000000654	59.9
324.6545071800142	59.9
329.3767157259242	59.9
334.16761037677935	59.9
339.02819019498156	59.85939584283459
343.95946877463007	59.84690756123325
348.9624744528898	59.888836225113096
354.03825052443415	59.9
359.187855459007	59.9
364.4123631221491	59.9
369.71286299913527	59.9
375.0904604221685	59.9092444405541
380.54627680087896	59.978509125372995
386.08144985617537	60
391.6971338574982	60
397.3944998635236	60
403.1747359663683	60
409.0390475393468	60
414.9886574883323	60.062191930021214
421.0248065067734	60.09590418732845
427.1487533344206	60.1
433.3617750198154	60.14736234600837
439.6651671865984	60.19103755111002
446.06024430368984	60.2
452.54833995940066	60.23860059371754
459.13080713953053	60.292568401042985
465.8090185095106	60.3
472.58436670065066	60.32536898015439
479.45826460054917	60.384979092251065
486.432145647728	60.4
493.50746413055253	60.4
500.6856954904994	60.4
507.9683366298358	60.4
515.3569062237735	60.40158922655594
522.8529450371643	60.47574710746827
530.4580162458005	60.49811106990111
538.1737057623901	60.5
546.0016225672724	60.5
553.9433990439449	60.5
562.0006913194694	60.5
570.1751796098309	60.5
578.4685685703187	60.5
586.8825876510039	60.5
595.4189914573883	60.5
604.0795601162986	60.5
612.8660996471021	60.5
621.780442338323	60.52264973214045
630.8244471297356	60.590360466463835
640.0000000000159	60.61872000000003
649.3090143600314	60.69770831266032
658.7534314518515	60.78821300183917
668.3352207535618	60.803167383886354
678.0563803899662	60.881302379351474
687.9189375492632	60.9
697.9249489057827	60.9723547835098
708.0765010488715	60.99832655591252
718.3757109180171	61
728.8247262443015	61
739.425725998274	61
750.1809208443404	60.94850338035493
761.0925536017613	60.85952542197747
772.1628997123541	60.72221632197351
783.3942677149998	60.57707015377782
794.7889997270506	60.47515130226548
806.34947193274	60.38030432055031
818.0780950786972	60.33589384175866
829.9773149766683	60.38820100403056
842.0496130135506	60.41624687437191
854.2975066688449	60.498948239016826
866.7235500396347	60.584607696037224
879.3303343732008	60.606833913508424
892.1204886073838	60.68340727828958
905.0966799188055	60.62098898578914
918.2616142790653	60.60154523194253
931.6180370190256	60.53081940496066
945.1687334013056	60.50309416992572
958.9165292011028	60.5
972.8642912954606	60.55644012859126
987.0149282611097	60.59335324026141
1001.3713909810035	60.647922290562796
1015.9366732596762	60.73650879836617
1030.7138124475518	60.83128472957542
1045.7058900743334	60.92611651933596
1060.916032491606	61.0208408518541
1076.3474115247852	61.11573079068535
1092.0032451345498	61.18726379182184
1107.8867980878947	61.2192496546438
1124.0013826389438	61.3002018643623
1140.350359219667	61.395065203983826
1156.9371371406426	61.49582645235618
1173.765175302013	61.67168494168179
1190.837982914782	61.93847331618438
1208.1591202326028	62.07320618629164
1225.73219929421	62.23988658724931
1243.5608846766518	62.36129335229374
1261.648894259477	62.458599781132826
1280.0000000000375	62.610766666667004
1298.6180287200684	62.74258739287794
1317.5068629037087	62.842915929586454
1336.6704415071292	62.98238201573181
1356.112760779938	63.123586803380455
1375.8378750985323	63.262765269113885
1395.8498978115715	63.47548809475981
1416.153002097749	63.72232696868942
1436.7514218360407	63.923561809564035
1457.6494524886093	64.1132536125397
1478.8514519965543	64.30280249462382
1500.3618416886875	64.48241512815707
1522.1851072035295	64.59107457802257
1544.3257994247153	64.68590114299651
1566.788535430007	64.78075691665947
1589.5779994541087	64.95132423898771
1612.6989438654878	65.14054354116138
1636.156190157402	65.33011555022532
1659.9546299533442	65.58276268106506
1684.099226027109	65.80532691001457
1708.5950133376978	65.99879350296702
1733.4471000792773	66.13806167120812
1758.6606687464096	66.2846375857286
1784.2409772147755	66.42560975729084
1810.193359837619	66.6037476520635
1836.5232285581387	66.8701713968898
1863.2360740380593	67.15459651978206
1890.3374668026197	67.41484126251052
1917.833058402214	67.61565882315237
1945.7285825909298	67.80534849407205
1974.0298565222283	67.99498879126104
2002.7427819620161	68.1846567459635
2031.8733465193618	68.37744034021964
2061.4276248951132	68.6459866244094
2091.411780148677	68.85353833273815
2121.832064983222	68.97058026734474
2152.694823049581	69.20318785403857
2184.0064902691106	69.41893648436567
2215.7735961758003	69.55234891509242
2248.002765277899	69.65068993804329
2280.7007184393456	69.74548934967011
2313.874274281297	69.93422948589405
2347.530350604038	70.16200678811536
2381.6759658295764	70.39817816321906
2416.318240465218	70.6738859347809
2451.4643985884327	70.9583483600352
2487.1217693533167	71.24277985396638
2523.2977885189675	71.50559568123056
2560.0000000000887	71.69006486486526
2597.236057440151	71.79873421063866
2635.0137258074315	71.89359754465441
2673.340883014273	71.99242134382125
2712.225521559891	72.16653087159148
2751.6757501970797	72.27800348984847
2791.699795623158	72.37277151767066
2832.3060041955137	72.46757861952858
2873.502843672097	72.49734856666453
2915.2989049772345	72.43916027569514
2957.7029039931244	72.29172856770269
3000.723683377391	72.10658194980635
3044.370214407075	71.91705084395481
3088.6515988494466	71.72745694891414
3133.57707086003	71.4981853715809
3179.1559989082334	71.25708605021867
3225.3978877309914	71.05857714847028
3272.3123803148205	70.9228096227479
3319.9092599067053	70.87814458592474
3368.198452054235	70.81322028426139
3417.190026675413	70.8
3466.8942001585724	70.79010360356162
3517.3213374928373	70.7152570886876
3568.4819544295697	70.7
3620.386719675257	70.7
3673.0464571162966	70.77458626511881
3726.472148076138	70.79825322714728
3780.6749336052594	70.73389764453593
3835.6661168044484	70.76576611680444
3891.45716518188	70.7958532045063
3948.059713044477	70.74666565854959
4005.4855639240527	70.60808956568637
4063.746693038744	70.46950635281904
4122.855249790247	70.3676316003356
4182.823560297375	70.27282579507201
4243.664129966465	70.14585749746728
4305.389646099183	69.93916685013409
4368.012980538242	69.6652729421331
4431.5471923516225	69.40005651135834
4496.00553055582	69.1822590976701
4561.401436878714	68.9118377639464
4627.748548562617	68.62730695495453
4695.060701208099	68.34282325341542
4763.351931659176	68.05843530994899
4832.63648093046	67.84978030908735
4902.928797176889	67.73133608974521
4974.243538706657	67.5680857168362
5046.595577037959	67.50670221148103
5120.000000000202	67.5585205479454
5194.472114880326	67.64922860448809
5270.027451614888	67.74401592958652
5346.6817660285715	67.79325326305394
5424.451043119808	67.88271217200375
5503.351500394186	67.98170768611723
5583.399591246343	68
5664.612008391055	67.9142267595656
5747.005687344222	67.63695064983969
5830.597809954497	67.24899723102902
5915.405807986278	66.80390967756978
6001.447366754812	66.39908149475275
6088.740428814181	65.93220827731393
6177.303197698925	65.37820062957903
6267.154141720092	64.80927539829221
6358.3119978165005	64.317495750487
6450.795775462017	63.843317678019126
6544.624760629676	63.50590730104118
6639.818519813445	63.345384485127816
6736.396904108505	63.24434014546074
6834.380053350861	63.14950864237764
6933.788400317181	63.05471923129836
7034.642674985712	63.05360123727443
7136.963908859177	63.09243191469778
7240.773439350552	63.1
7346.092914232631	63.1
7452.944296152315	63.1
7561.349867210557	63.12557537483458
7671.332233608935	63.2300727356956
7782.914330363799	63.407444029786475
7896.119426088994	63.54714522499654
8010.971127848146	63.39580459004357
8127.49338607753	63.035256787641984
8245.710499580537	62.41851065403143
8365.647120594791	61.44401167037699
8487.328259932974	60.25446609276939
8610.77929219841	59.02430356217971
8736.025961076528	57.857156835779755
8863.094384703289	56.77777978273949
8992.011061111683	55.73126192791528
9122.802873757471	54.636552708285265
9255.497097125279	53.69574343903692
9390.121402416245	53.21585267319115
9526.7038633184	53.18683428173926
9665.272961860968	53.28139245906947
9805.857594353829	53.361462042962174
9948.487077413367	53.68946818635888
10093.19115407597	54.42535266362135
10240.000000000457	55.31376190476471
10388.944229760706	56.04258589533254
10540.05490322983	56.4501686770867
10693.363532057198	56.60011858092323
10848.902086239672	56.8516914796351
11006.703000788428	57.05809732942563
11166.799182492743	57.02397197475064
11329.224016782166	56.9313504643052
11494.0113746885	56.83659829596178
11661.195619909053	56.80346230523212
11830.811615972614	56.914810009351626
12002.894733509682	57.30819822681648
12177.48085762842	58.001786245665606
12354.606395397908	58.88039109603315
12534.308283440243	59.740389018791596
12716.62399563306	60.33574415415769
12901.591550924093	60.537850008710386
13089.249521259411	60.373310955487206
13279.637039626952	59.84990553400728
13472.793808217073	59.06317898611166
13668.760106701786	58.365858743379604
13867.576800634426	58.022893035114976
14069.285349971487	57.812512943517895
14273.927817718419	57.5456292601247
14481.54687870117	57.33932195426023
14692.18582846533	57.22533753028589
14905.888592304698	56.84502703970783
15122.699734421185	56.17570720814722
15342.664467217943	55.42464271361977
15565.828660727671	54.78329671843413
15792.238852178061	54.639308276283494
16021.942255696367	55.086611496966825
16254.986772155136	55.71730181362468
16491.42099916115	55.92812133756729
16731.294241189662	55.34549065162878
16974.65651986603	54.10298327659485
17221.558584396902	52.78673022522444
17472.051922153143	51.72529372420803
17726.188769406665	50.71128021040003
17984.022122223458	50.03135198306342
18245.605747515034	49.65829673261934
18510.99419425065	49.6
18780.242804832582	49.590494753570155
19053.40772663689	49.35527900632153
19330.545923722028	48.917669512659344
19611.71518870775	48.709110158855616
19896.974154826825	48.5554844027473
20186.382308152035	48.5
