20	3.7561091025915476
20.290906698750476	3.7550627162975405
20.586044732869844	3.7540144176426793
20.885475648548283	3.752961699613348
21.189261887185914	3.7519019110873435
21.49746679841394	3.750832600484509
21.810154653305165	3.7497522434841453
22.12739065777668	3.7486611321329537
22.449240966187475	3.7475622360421537
22.77577269513385	3.746461844541488
23.107053937445478	3.7453700283759748
23.44315377638505	3.7443011729922584
23.784142300054445	3.743274086043971
24.130090616010463	3.742311847435267
24.481070866093134	3.74144103953823
24.837156241469714	3.740690094656195
25.1984209978975	3.740086813179102
25.56494047120865	3.7396556166941086
25.936791093020236	3.739414979565876
26.3140504066728	3.7393750954882505
26.69679708340074	3.7395360427363893
27.08511093873791	3.739886644581337
27.47907294916184	3.740403780771361
27.878765268980047	3.7410516170443304
28.284271247461966	3.741780637385688
28.695675446220072	3.7425268035529022
29.11306365684382	3.7432108718473702
29.536522918790062	3.7437377368859495
29.966141537533712	3.743995827335889
30.402009102982383	3.7438566356846232
30.844216508158908	3.7431744790001797
31.29285596815558	3.7417867071624853
31.74802103936409	3.7395151590386733
32.20980663898519	3.73617047920974
32.67830906482211	3.731560821479303
33.153626015361866	3.7255037708278165
33.63585661014871	3.717837981515017
34.125101410453844	3.7084306530999083
34.62146244024586	3.697178758191326
35.12504320746613	3.684006554452986
35.635948725613716	3.668863622294048
36.15428553564419	3.6517261372579592
36.68016172818701	3.632600656588141
37.21368696608603	3.611528202133691
37.754972507267915	3.58858687235304
38.30413122794313	3.563891917473762
38.86127764614443	3.537592517896382
39.4265279456077	3.5098653491414
40.000000000000206	3.480904425636722
40.58181339750116	3.4509090276726675
41.1720894657399	3.420072232777513
41.77095129709678	3.3885703818408146
42.37852377437204	3.3565543554364234
42.9949335968281	3.3241439056499194
43.62030930661056	3.2914272349208478
44.25478131555359	3.258466119852465
44.89848193237519	3.225303871005617
45.55154539026795	3.191971756841706
46.21410787489121	3.1584898115596722
46.88630755277036	3.124862072137801
47.56828460010916	3.091069180973
48.260181232021196	3.057064079842621
48.962141732186545	3.0227736857584815
49.674312482939705	2.988107685510747
50.39684199579528	2.952971825067338
51.129880942417586	2.917280179475308
51.873582186040764	2.8809614534703147
52.628100813345895	2.8439581878278872
53.393594166801776	2.8062193539700355
54.17022187747612	2.7676902952087605
54.95814589832399	2.728305477326787
55.75753053796041	2.6879865856645657
56.56854249492426	2.6466461911545194
57.39135089244048	2.604196053451621
58.226127313687975	2.5605565290316274
59.073045837580466	2.515665003051094
59.932283075067765	2.4694820209963186
60.804018205965114	2.421993797557221
61.68843301631817	2.373211912804398
62.58571193631152	2.323172592144741
63.49604207872855	2.2719348903678296
64.41961327797075	2.2195778710735046
65.35661812964459	2.1661962823767484
66.3072520307241	2.1118956929578565
67.27171322029778	2.056788652630951
68.25020282090806	2.0009910862706692
69.2429248804921	1.9446172455954065
70.25008641493265	1.8877729942555102
71.27189745122783	1.8305497270195774
72.30857107128878	1.7730210447708157
73.36032345637442	1.715244310107614
74.42737393217246	1.6572658469310415
75.50994501453623	1.5991246874600153
76.60826245588666	1.540852391888882
77.72255529228926	1.4824706223503044
78.85305589121582	1.4239887945990881
80.00000000000082	1.3654039826537405
81.16362679500274	1.306704953716306
82.34417893148023	1.2478785018202843
83.541902594194	1.1889139381033922
84.75704754874454	1.129802679686017
85.98986719365665	1.0705350271983767
87.24061861322157	1.0110952204057806
88.50956263110764	0.9514575096584851
89.79696386475084	0.8915870021894647
91.10309078053635	0.831445728835323
92.42821574978288	0.7710013018349922
93.77261510554118	0.7102339079138533
95.13656920021877	0.6491379453304773
96.52036246404286	0.5877166591016882
97.92428346437356	0.5259748658570582
99.34862496587989	0.46391573882596804
100.79368399159105	0.40154152024400747
102.25976188483567	0.3388561600998725
103.74716437208203	0.2758686941101465
105.25620162669229	0.21259768508164276
106.78718833360406	0.14907718514468513
108.34044375495276	0.0853617343904963
109.9162917966485	0.02152496449521904
111.51506107592134	-0.04234927651899842
113.13708498984903	-0.10617744649085584
114.78270178488147	-0.16988249644946057
116.45225462737648	-0.23339258670532673
118.14609167516147	-0.2966353604979176
119.86456615013608	-0.35953288888729956
121.60803641193078	-0.42200006660266987
123.3768660326369	-0.4839464996379649
125.17142387262359	-0.5452817503424374
126.99208415745765	-0.6059212857759417
128.83922655594208	-0.6657896114934082
130.71323625928977	-0.7248185664325505
132.61450406144883	-0.7829419560551998
134.5434264405962	-0.8400909682694785
136.50040564181674	-0.8961934187534667
138.48584976098482	-0.9511738614745442
140.50017282986593	-1.0049501137530696
142.5437949024563	-1.0574241255716383
144.61714214257822	-1.1084706543388494
146.7206469127495	-1.1579317572531576
148.8547478643456	-1.2056211730734057
151.01989002907314	-1.25133835789925
153.216524911774	-1.2948876908445333
155.4451105845792	-1.3360981574332749
157.70611178243232	-1.3748390783303999
160.00000000000236	-1.4110296202416326
162.3272535900062	-1.4446430439722817
164.6883578629612	-1.475705733504039
167.08380518838874	-1.5042944469337651
169.51409509748981	-1.5305335850651265
171.97973438731407	-1.5545906088014012
174.4812372264439	-1.576665649663589
177.01912526221608	-1.596974861962562
179.5939277295025	-1.6157317225870453
182.20618156107355	-1.6331334778727837
184.85643149956664	-1.6493534376182861
187.54523021108326	-1.664536739279739
190.27313840043846	-1.6787976591804397
193.04072492808663	-1.6922195590371398
195.84856692874806	-1.7048607702184013
198.69724993176072	-1.7167691637263802
201.58736798318304	-1.7280001259691855
204.5195237696723	-1.7386320894540686
207.49432874416505	-1.7487723193496203
210.5124032533856	-1.7585527748174274
213.57437666720915	-1.7681204045841197
216.68088750990657	-1.7776251785244173
219.83258359329807	-1.7872068038400521
223.03012215184378	-1.7969820254722686
226.2741699796992	-1.8070311309816471
229.5654035697641	-1.8173856940120934
232.90450925475412	-1.8280215604751011
236.2921833503241	-1.838863667057008
239.72913230027333	-1.849801545951238
243.21607282386276	-1.8607098475281576
246.75373206527502	-1.871463566666171
250.34284774524843	-1.8819423785261773
253.9841683149166	-1.8920226219963392
257.67845311188546	-1.901564324421089
261.42647251858085	-1.9104029778115093
265.22900812289896	-1.918355557751177
269.08685288119375	-1.9252406386532295
273.0008112836349	-1.930907577832837
276.97169952197106	-1.9352659198373465
281.00034565973334	-1.9383015364569078
285.0875898049141	-1.9400808196168458
289.23428428515797	-1.940744442786777
293.44129382550057	-1.9404944990380613
297.7094957286928	-1.939574497950997
302.0397800581479	-1.9382477415662411
306.4330498235497	-1.936776214218644
310.89022116916016	-1.9354005578494369
315.41222356486645	-1.9343232684254459
320.00000000000654	-1.933696983916445
324.6545071800142	-1.933617771118132
329.3767157259242	-1.934125160623997
334.16761037677935	-1.9352052673861735
339.02819019498156	-1.9367972419389718
343.95946877463007	-1.9388019367265041
348.9624744528898	-1.9410921327450388
354.03825052443415	-1.9435247675209832
359.187855459007	-1.945962794294439
364.4123631221491	-1.9483071370180136
369.71286299913527	-1.950525888770135
375.0904604221685	-1.9526630208583875
380.54627680087896	-1.9548120547658279
386.08144985617537	-1.9570621944599766
391.6971338574982	-1.9594398146220169
397.3944998635236	-1.9618691562230424
403.1747359663683	-1.9641634341324978
409.0390475393468	-1.9660370491361852
414.9886574883323	-1.9671375746333062
421.0248065067734	-1.9670887517256141
427.1487533344206	-1.9655349091271819
433.3617750198154	-1.9621798058498807
439.6651671865984	-1.9568161588208235
446.06024430368984	-1.949340981223537
452.54833995940066	-1.9397572428546208
459.13080713953053	-1.9281574317902603
465.8090185095106	-1.9146798603426713
472.58436670065066	-1.8994444351034976
479.45826460054917	-1.8824895641090975
486.432145647728	-1.8637350649324256
493.50746413055253	-1.8429841202672186
500.6856954904994	-1.8199633364001142
507.9683366298358	-1.7943856828134441
515.3569062237735	-1.766012090195069
522.8529450371643	-1.7346924878363925
530.4580162458005	-1.7003787305282092
538.1737057623901	-1.6631178373738287
546.0016225672724	-1.6230449569915812
553.9433990439449	-1.5803856252703288
562.0006913194694	-1.5354553976240428
570.1751796098309	-1.4886437268677244
578.4685685703187	-1.4403897886676642
586.8825876510039	-1.3911564359022894
595.4189914573883	-1.341413752872753
604.0795601162986	-1.2916280338686068
612.8660996471021	-1.2422478923503528
621.780442338323	-1.1936862920288627
630.8244471297356	-1.1463011282008095
640.0000000000159	-1.1003772885817624
649.3090143600314	-1.0561219351690145
658.7534314518515	-1.013683855240317
668.3352207535618	-0.9731938733832871
678.0563803899662	-0.9348024519462651
687.9189375492632	-0.8986863365449543
697.9249489057827	-0.8650031434734577
708.0765010488715	-0.8338156818336289
718.3757109180171	-0.8050296580037348
728.8247262443015	-0.7783715658624909
739.425725998274	-0.7534042081864496
750.1809208443404	-0.7295565049669671
761.0925536017613	-0.7061454019651097
772.1628997123541	-0.6823896110192323
783.3942677149998	-0.6574379286844204
794.7889997270506	-0.6304407374505453
806.34947193274	-0.6006552657711819
818.0780950786972	-0.5675542092061869
829.9773149766683	-0.5308985186159848
842.0496130135506	-0.4907527108836603
854.2975066688449	-0.44744770054771654
866.7235500396347	-0.40150654352764814
879.3303343732008	-0.3535607858169133
892.1204886073838	-0.3042761212572641
905.0966799188055	-0.25427704051218913
918.2616142790653	-0.20407205956696262
931.6180370190256	-0.15399187118199092
945.1687334013056	-0.10416446835534066
958.9165292011028	-0.05455248001006297
972.8642912954606	-0.005052513197486818
987.0149282611097	0.04439073886528398
1001.3713909810035	0.09371697861101795
1015.9366732596762	0.1427593896703592
1030.7138124475518	0.19132636961670849
1045.7058900743334	0.23931173706830028
1060.916032491606	0.2867665904483274
1076.3474115247852	0.3339015461112816
1092.0032451345498	0.3810293339339856
1107.8867980878947	0.4284646591975735
1124.0013826389438	0.4764498033734017
1140.350359219667	0.5251331567452766
1156.9371371406426	0.5745924491171956
1173.765175302013	0.6248563886281002
1190.837982914782	0.6759148278082655
1208.1591202326028	0.7277177226503829
1225.73219929421	0.7801885683493355
1243.5608846766518	0.8332450779916701
1261.648894259477	0.8868186608103519
1280.0000000000375	0.9408904021185699
1298.6180287200684	0.9955551831864812
1317.5068629037087	1.0511224260465506
1336.6704415071292	1.1082095471764595
1356.112760779938	1.1677922131634944
1375.8378750985323	1.231110197612379
1395.8498978115715	1.29943839586575
1416.153002097749	1.3738325602663746
1436.7514218360407	1.4549813205766848
1457.6494524886093	1.5431999371289213
1478.8514519965543	1.6384691794698856
1500.3618416886875	1.740498551350025
1522.1851072035295	1.8487685297579033
1544.3257994247153	1.9626316667626622
1566.788535430007	2.081579629930101
1589.5779994541087	2.205590053296156
1612.6989438654878	2.335362088434902
1636.156190157402	2.47227562937073
1659.9546299533442	2.61806975892823
1684.099226027109	2.7743811895430754
1708.5950133376978	2.9423153589691284
1733.4471000792773	3.1221640528588845
1758.6606687464096	3.3133079208390552
1784.2409772147755	3.5142809395887045
1810.193359837619	3.7229453165490334
1836.5232285581387	3.9367706012865615
1863.2360740380593	4.153182794781349
1890.3374668026197	4.369892778680093
1917.833058402214	4.585159043537326
1945.7285825909298	4.797928382597153
1974.0298565222283	5.007793224538662
2002.7427819620161	5.214774983564625
2031.8733465193618	5.418978655375045
2061.4276248951132	5.620220365121237
2091.411780148677	5.817831503188191
2121.832064983222	6.010744279817565
2152.694823049581	6.197806956693274
2184.0064902691106	6.378154668623465
2215.7735961758003	6.551366148463363
2248.002765277899	6.717504334725532
2280.7007184393456	6.876935699582904
2313.874274281297	7.030154558274508
2347.530350604038	7.1776650227825884
2381.6759658295764	7.319919445264244
2416.318240465218	7.457305529137825
2451.4643985884327	7.590160054958457
2487.1217693533167	7.718790578862339
2523.2977885189675	7.843447309366943
2560.0000000000887	7.964326336032147
2597.236057440151	8.081516764065672
2635.0137258074315	8.19483961472313
2673.340883014273	8.303673112843912
2712.225521559891	8.406882185047532
2751.6757501970797	8.502911061462962
2791.699795623158	8.590127726216767
2832.3060041955137	8.667271319672905
2873.502843672097	8.7337402694932
2915.2989049772345	8.789469490765313
2957.7029039931244	8.83451067960881
3000.723683377391	8.868502654226383
3044.370214407075	8.890390258262281
3088.6515988494466	8.898792417907204
3133.57707086003	8.892764240991658
3179.1559989082334	8.872351945684812
3225.3978877309914	8.838611502190744
3272.3123803148205	8.792989246901472
3319.9092599067053	8.736641889268084
3368.198452054235	8.670195308544946
3417.190026675413	8.594052207564939
3466.8942001585724	8.508935301498296
3517.3213374928373	8.416153173336737
3568.4819544295697	8.31731354189746
3620.386719675257	8.213760552874941
3673.0464571162966	8.106205759462199
3726.472148076138	7.994765290963092
3780.6749336052594	7.879312362980376
3835.6661168044484	7.759719485925141
3891.45716518188	7.635738190875615
3948.059713044477	7.5067112041940085
4005.4855639240527	7.371301608345637
4063.746693038744	7.22754145095572
4122.855249790247	7.073382720329227
4182.823560297375	6.90756905633897
4243.664129966465	6.730238456725536
4305.389646099183	6.543039147280105
4368.012980538242	6.348463968536731
4431.5471923516225	6.148885177917848
4496.00553055582	5.946072039907505
4561.401436878714	5.7412647426633505
4627.748548562617	5.5357069164733685
4695.060701208099	5.331647623148014
4763.351931659176	5.13294313447915
4832.63648093046	4.9447253605365455
4902.928797176889	4.772162296825956
4974.243538706657	4.618949677018111
5046.595577037959	4.486470586887657
5120.000000000202	4.373558280710352
5194.472114880326	4.27714374364898
5270.027451614888	4.192987335480573
5346.6817660285715	4.116601879947671
5424.451043119808	4.0440959394023395
5503.351500394186	3.97271068984681
5583.399591246343	3.9011991596248707
5664.612008391055	3.8300048277913805
5747.005687344222	3.7607295129222513
5830.597809954497	3.6953840201379533
5915.405807986278	3.6359921554508787
6001.447366754812	3.5847097208788927
6088.740428814181	3.54431329217896
6177.303197698925	3.518457375198847
6267.154141720092	3.51090627185456
6358.3119978165005	3.5243480260416735
6450.795775462017	3.5592602176788954
6544.624760629676	3.613866465853509
6639.818519813445	3.6850651576065383
6736.396904108505	3.769767618508296
6834.380053350861	3.8658091225943343
6933.788400317181	3.97193053361728
7034.642674985712	4.086882521359501
7136.963908859177	4.208665601390749
7240.773439350552	4.334449254654931
7346.092914232631	4.460913575214927
7452.944296152315	4.584778251693119
7561.349867210557	4.702944105199344
7671.332233608935	4.812365405343317
7782.914330363799	4.910031840806524
7896.119426088994	4.993196424365905
8010.971127848146	5.05981652686469
8127.49338607753	5.108718455462389
8245.710499580537	5.13852098513492
8365.647120594791	5.1466514647008275
8487.328259932974	5.130022173395862
8610.77929219841	5.085934724490185
8736.025961076528	5.013466445759918
8863.094384703289	4.9143937498979495
8992.011061111683	4.792568019392442
9122.802873757471	4.6527518661162794
9255.497097125279	4.499740848350175
9390.121402416245	4.337643952445131
9526.7038633184	4.169578601822923
9665.272961860968	3.9977983612126544
9805.857594353829	3.8238102223678854
9948.487077413367	3.6479917244040703
10093.19115407597	3.4690256376566144
10240.000000000457	3.2840411793577626
10388.944229760706	3.0900112395248107
10540.05490322983	2.8860240515846063
10693.363532057198	2.6749991306840313
10848.902086239672	2.463146187214794
11006.703000788428	2.2574685274684865
11166.799182492743	2.0636518634246483
11329.224016782166	1.8864377065017752
11494.0113746885	1.731209094334614
11661.195619909053	1.6054914119547412
11830.811615972614	1.5157866336315624
12002.894733509682	1.4662322897600886
12177.48085762842	1.455821275890949
12354.606395397908	1.4800751972689274
12534.308283440243	1.5289503758083351
12716.62399563306	1.5896580700744867
12901.591550924093	1.6481078842426782
13089.249521259411	1.6908070083281002
13279.637039626952	1.7031168947594844
13472.793808217073	1.6733822791529045
13668.760106701786	1.5951969894053668
13867.576800634426	1.4657620398178266
14069.285349971487	1.28550503232518
14273.927817718419	1.0595953188434142
14481.54687870117	0.797617983800567
14692.18582846533	0.5174327886746662
14905.888592304698	0.24083217109392666
15122.699734421185	-0.017549952651302037
15342.664467217943	-0.2571299626461328
15565.828660727671	-0.4936708161094235
15792.238852178061	-0.7557786231043628
16021.942255696367	-1.075276005736006
16254.986772155136	-1.4769734153934009
16491.42099916115	-1.9731737722102705
16731.294241189662	-2.5654272581474227
16974.65651986603	-3.254999889261199
17221.558584396902	-4.04516395527206
17472.051922153143	-4.935143373295976
17726.188769406665	-5.914181758993385
17984.022122223458	-6.961231316464663
18245.605747515034	-8.056400445841355
18510.99419425065	-9.198094369017683
18780.242804832582	-10.409795474770108
19053.40772663689	-11.727209421230297
19330.545923722028	-13.157563291205188
19611.71518870775	-14.589754130322582
19896.974154826825	-15.742150914766594
20186.382308152035	-16.455035506472548
