20	7.689220393042711
20.290906698750476	7.689598696631369
20.586044732869844	7.68997770828603
20.885475648548283	7.690358362974798
21.189261887185914	7.690741614069963
21.49746679841394	7.691128114691218
21.810154653305165	7.69151789674908
22.12739065777668	7.6919100471114925
22.449240966187475	7.692302380835395
22.77577269513385	7.692691112196324
23.107053937445478	7.693070525316452
23.44315377638505	7.693432647538759
23.784142300054445	7.693766930324632
24.130090616010463	7.694059944364673
24.481070866093134	7.69429509778436
24.837156241469714	7.694452388789036
25.1984209978975	7.694508206810811
25.56494047120865	7.694435199168219
25.936791093020236	7.694202223391187
26.3140504066728	7.693774408647865
26.69679708340074	7.693113353067536
27.08511093873791	7.692177487096452
27.47907294916184	7.690922636238453
27.878765268980047	7.689302819480136
28.284271247461966	7.687271179966163
28.695675446220072	7.68478051888235
29.11306365684382	7.681783471100346
29.536522918790062	7.678232789156726
29.966141537533712	7.674081347449888
30.402009102982383	7.669281906208271
30.844216508158908	7.663787104979778
31.29285596815558	7.657549440034979
31.74802103936409	7.650521555078297
32.20980663898519	7.642656454484861
32.67830906482211	7.633907680405498
33.153626015361866	7.624229930072284
33.63585661014871	7.613579719780949
34.125101410453844	7.601916136408277
34.62146244024586	7.589202154452964
35.12504320746613	7.575406118307248
35.635948725613716	7.560503277018327
36.15428553564419	7.5444771037943354
36.68016172818701	7.527319681002675
37.21368696608603	7.509032196766928
37.754972507267915	7.489624666805842
38.30413122794313	7.469115770457862
38.86127764614443	7.447531892549799
39.4265279456077	7.424906249641886
40.000000000000206	7.401277171095541
40.58181339750116	7.376686709861016
41.1720894657399	7.351179244949111
41.77095129709678	7.324799580357086
42.37852377437204	7.297591259914965
42.9949335968281	7.269594598028705
43.62030930661056	7.240845463640268
44.25478131555359	7.211374013616427
44.89848193237519	7.18120458626999
45.55154539026795	7.150354864144345
46.21410787489121	7.118835847297029
46.88630755277036	7.086652311063499
47.56828460010916	7.053802796365277
48.260181232021196	7.020280394933698
48.962141732186545	6.986073700708165
49.674312482939705	6.951167936369597
50.39684199579528	6.915545300244961
51.129880942417586	6.87918502556147
51.873582186040764	6.842063979283182
52.628100813345895	6.804157662662973
53.393594166801776	6.765440491229901
54.17022187747612	6.725885866447884
54.95814589832399	6.685466724505635
55.75753053796041	6.644156262229752
56.56854249492426	6.601929205953075
57.39135089244048	6.558763151743446
58.226127313687975	6.514639834907114
59.073045837580466	6.469546350501918
59.932283075067765	6.4234763428722506
60.804018205965114	6.376431176886042
61.68843301631817	6.328420922334861
62.58571193631152	6.279464799766852
63.49604207872855	6.229591768068928
64.41961327797075	6.178839999555535
65.35661812964459	6.127256437612435
66.3072520307241	6.074895679773117
67.27171322029778	6.021818666026716
68.25020282090806	5.968091649653756
69.2429248804921	5.913784479171871
70.25008641493265	5.858969208625097
71.27189745122783	5.803718960246771
72.30857107128878	5.74810585100281
73.36032345637442	5.692199008307571
74.42737393217246	5.6360631593210515
75.50994501453623	5.579757912690411
76.60826245588666	5.523336147590378
77.72255529228926	5.4668427703135745
78.85305589121582	5.410313202316552
80.00000000000082	5.353772322478763
81.16362679500274	5.297233045471924
82.34417893148023	5.240695490066479
83.541902594194	5.1841463335631115
84.75704754874454	5.127558359278292
85.98986719365665	5.070890823665334
87.24061861322157	5.01408987615482
88.50956263110764	4.9570886780934575
89.79696386475084	4.8998089344638664
91.10309078053635	4.842162282318094
92.42821574978288	4.7840518463799215
93.77261510554118	4.725374288001187
95.13656920021877	4.666022483782766
96.52036246404286	4.605888764916473
97.92428346437356	4.5448677819441725
99.34862496587989	4.482858474997402
100.79368399159105	4.41976681425062
102.25976188483567	4.355509457069732
103.74716437208203	4.290016900710727
105.25620162669229	4.223236686970085
106.78718833360406	4.155136520012122
108.34044375495276	4.085705987980931
109.9162917966485	4.0149580605728685
111.51506107592134	3.942929660882403
113.13708498984903	3.8696808023700355
114.78270178488147	3.795294106449867
116.45225462737648	3.719873177774092
118.14609167516147	3.6435413905253378
119.86456615013608	3.5664399582369386
121.60803641193078	3.4887258342244354
123.3768660326369	3.410570222294984
125.17142387262359	3.3321567181540366
126.99208415745765	3.2536788135588166
128.83922655594208	3.1753377517372776
130.71323625928977	3.097341215787776
132.61450406144883	3.019901248280811
134.5434264405962	2.9432326445757457
136.50040564181674	2.8675517538511786
138.48584976098482	2.793074543908176
140.50017282986593	2.720014375430282
142.5437949024563	2.648579392636062
144.61714214257822	2.578969444209947
146.7206469127495	2.5113732969371867
148.8547478643456	2.445965804659851
151.01989002907314	2.3829041369893273
153.216524911774	2.322324479230045
155.4451105845792	2.2643383485996633
157.70611178243232	2.2090285796871583
160.00000000000236	2.1564468683510647
162.3272535900062	2.1066121617502196
164.6883578629612	2.0595092144706477
167.08380518838874	2.0150869822440614
169.51409509748981	1.9732600138520813
171.97973438731407	1.9339117496958045
174.4812372264439	1.8968970862938743
177.01912526221608	1.8620476508338306
179.5939277295025	1.8291775231397134
182.20618156107355	1.7980887689721379
184.85643149956664	1.7685771499445537
187.54523021108326	1.7404380728244124
190.27313840043846	1.7134718305120997
193.04072492808663	1.6874881896623317
195.84856692874806	1.662310364551235
198.69724993176072	1.637778055692158
201.58736798318304	1.6137513320066
204.5195237696723	1.5901124491024405
207.49432874416505	1.5667665925374195
210.5124032533856	1.543643633548767
213.57437666720915	1.5207011396255237
216.68088750990657	1.4979269264121093
219.83258359329807	1.4753392958538574
223.03012215184378	1.4529853084628863
226.2741699796992	1.4309397501229255
229.5654035697641	1.4093034835873501
232.90450925475412	1.3881997703286169
236.2921833503241	1.3677707147285867
239.72913230027333	1.3481726805104803
243.21607282386276	1.3295702911534932
246.75373206527502	1.3121298421507122
250.34284774524843	1.2960116884181545
253.9841683149166	1.2813646473717977
257.67845311188546	1.268319392252515
261.42647251858085	1.2569835717028857
265.22900812289896	1.2474360569324778
269.08685288119375	1.2397204812204672
273.0008112836349	1.2338425286871613
276.97169952197106	1.2297681112073167
281.00034565973334	1.227421034934405
285.0875898049141	1.2266846544667458
289.23428428515797	1.227405398147122
293.44129382550057	1.2293981109344159
297.7094957286928	1.2324547712159886
302.0397800581479	1.2363536509643267
306.4330498235497	1.2408685486344977
310.89022116916016	1.2457782587542567
315.41222356486645	1.250874846014446
320.00000000000654	1.2559697342457683
324.6545071800142	1.2608954366851752
329.3767157259242	1.2655067557630266
334.16761037677935	1.2696768391242008
339.02819019498156	1.2732942246179286
343.95946877463007	1.276258969086979
348.9624744528898	1.2784770405114796
354.03825052443415	1.2798538853273977
359.187855459007	1.2802893381967004
364.4123631221491	1.2796730411115047
369.71286299913527	1.2778833574138146
375.0904604221685	1.274791631110719
380.54627680087896	1.27026660364276
386.08144985617537	1.2641815215456838
391.6971338574982	1.2564218735731387
397.3944998635236	1.2468956591683409
403.1747359663683	1.2355390846724672
409.0390475393468	1.2223228660881447
414.9886574883323	1.2072572107734623
421.0248065067734	1.1903896838511832
427.1487533344206	1.1717986006701198
433.3617750198154	1.1515883301766476
439.6651671865984	1.129887763121523
446.06024430368984	1.1068500211983818
452.54833995940066	1.0826481031373
459.13080713953053	1.0574712297326272
465.8090185095106	1.0315259815646172
472.58436670065066	1.0050406422636313
479.45826460054917	0.9782650496224332
486.432145647728	0.9514628411292271
493.50746413055253	0.9248970791896758
500.6856954904994	0.8988173398349979
507.9683366298358	0.8734459712076554
515.3569062237735	0.8489630879106915
522.8529450371643	0.8254946151390223
530.4580162458005	0.8030996780784526
538.1737057623901	0.7817643710879958
546.0016225672724	0.761398919958542
553.9433990439449	0.7418435616698233
562.0006913194694	0.7228810230802972
570.1751796098309	0.7042517351493692
578.4685685703187	0.6856711653496795
586.8825876510039	0.6668467151976855
595.4189914573883	0.6474949255511283
604.0795601162986	0.6273586609595498
612.8660996471021	0.6062193826287371
621.780442338323	0.5839094618096295
630.8244471297356	0.5603178145915454
640.0000000000159	0.5353968978987667
649.3090143600314	0.5091633495404998
658.7534314518515	0.48169730033297614
668.3352207535618	0.45313886367418454
678.0563803899662	0.4236849295216956
687.9189375492632	0.3935878129327184
697.9249489057827	0.36315827899162906
708.0765010488715	0.33276698585620235
718.3757109180171	0.3028431224929907
728.8247262443015	0.2738753871243662
739.425725998274	0.2464044516683807
750.1809208443404	0.2210081152701191
761.0925536017613	0.19828431189663442
772.1628997123541	0.17882357329888138
783.3942677149998	0.16318352352407395
794.7889997270506	0.15185671056589967
806.34947193274	0.14523748415036125
818.0780950786972	0.14359461161063453
829.9773149766683	0.1470561828918246
842.0496130135506	0.15560987586508995
854.2975066688449	0.16910943592627337
866.7235500396347	0.18729684561669507
879.3303343732008	0.20983524553349286
892.1204886073838	0.236339346125783
905.0966799188055	0.2664032095815787
918.2616142790653	0.299625686171041
931.6180370190256	0.33562430876229227
945.1687334013056	0.37404379394979415
958.9165292011028	0.4145572943759185
972.8642912954606	0.45686236187611473
987.0149282611097	0.5006755027214114
1001.3713909810035	0.5457292168711835
1015.9366732596762	0.5917732076755855
1030.7138124475518	0.6385792165258651
1045.7058900743334	0.6859695128994451
1060.916032491606	0.7338662310183133
1076.3474115247852	0.7823093909378233
1092.0032451345498	0.831410950291178
1107.8867980878947	0.8812784778101925
1124.0013826389438	0.9319463344404894
1140.350359219667	0.98335538006583
1156.9371371406426	1.0353701634200627
1173.765175302013	1.0878121472066824
1190.837982914782	1.1404757116959292
1208.1591202326028	1.1931291822229761
1225.73219929421	1.245532708637376
1243.5608846766518	1.2974630403297345
1261.648894259477	1.3487408355975636
1280.0000000000375	1.3992618153910625
1298.6180287200684	1.4490673122845197
1317.5068629037087	1.498445082730546
1336.6704415071292	1.5480143148962409
1356.112760779938	1.5987532421211565
1375.8378750985323	1.65191051008968
1395.8498978115715	1.7087974610834022
1416.153002097749	1.7705478804853592
1436.7514218360407	1.83796385009324
1457.6494524886093	1.9114772356638108
1478.8514519965543	1.9911770765348136
1500.3618416886875	2.076873069137889
1522.1851072035295	2.16815869057275
1544.3257994247153	2.2645334203617
1566.788535430007	2.3656570919582576
1589.5779994541087	2.4716601240588147
1612.6989438654878	2.5833594619126945
1636.156190157402	2.702218062045874
1659.9546299533442	2.8300317662515027
1684.099226027109	2.9684812574514314
1708.5950133376978	3.118714996753685
1733.4471000792773	3.281087669157732
1758.6606687464096	3.45508736805745
1784.2409772147755	3.639390989971684
1810.193359837619	3.83201465482331
1836.5232285581387	4.030581310150856
1863.2360740380593	4.232665488735433
1890.3374668026197	4.43609877263738
1917.833058402214	4.6392342758834095
1945.7285825909298	4.841079590315943
1974.0298565222283	5.041243963352266
2002.7427819620161	5.239724276515779
2031.8733465193618	5.436555073822887
2061.4276248951132	5.631489957465265
2091.411780148677	5.823847429221648
2121.832064983222	6.0125796869969745
2152.694823049581	6.196530268600447
2184.0064902691106	6.374753720858914
2215.7735961758003	6.546710301574489
2248.002765277899	6.712299358429647
2280.7007184393456	6.871721432984196
2313.874274281297	7.025317318351863
2347.530350604038	7.173447832793161
2381.6759658295764	7.316418318411245
2416.318240465218	7.454468260496431
2451.4643985884327	7.5878142760473475
2487.1217693533167	7.7166811222927585
2523.2977885189675	7.841261018591098
2560.0000000000887	7.961699455497925
2597.236057440151	8.078047265177851
2635.0137258074315	8.190128139375329
2673.340883014273	8.297387004977328
2712.225521559891	8.398774231067158
2751.6757501970797	8.492806619616108
2791.699795623158	8.577887815346992
2832.3060041955137	8.652704975571954
2873.502843672097	8.716530267320008
2915.2989049772345	8.769181765196484
2957.7029039931244	8.810636382006496
3000.723683377391	8.840520322634752
3044.370214407075	8.857860398896147
3088.6515988494466	8.861340568997656
3133.57707086003	8.850023906468563
3179.1559989082334	8.823890171282587
3225.3978877309914	8.78386881721674
3272.3123803148205	8.731314586782672
3319.9092599067053	8.667318425026426
3368.198452054235	8.592470279509168
3417.190026675413	8.507166814887448
3466.8942001585724	8.412105290067199
3517.3213374928373	8.308497403811698
3568.4819544295697	8.19781593060672
3620.386719675257	8.08127473719921
3673.0464571162966	7.959428679364355
3726.472148076138	7.832269426386487
3780.6749336052594	7.699608875301626
3835.6661168044484	7.561358906666279
3891.45716518188	7.417343339909386
3948.059713044477	7.2669656167237795
4005.4855639240527	7.108970654950885
4063.746693038744	6.9415336595085515
4122.855249790247	6.762851133344332
4182.823560297375	6.571873046040014
4243.664129966465	6.368819315088185
4305.389646099183	6.155201593259724
4368.012980538242	5.9333011689567305
4431.5471923516225	5.705421809577703
4496.00553055582	5.4733984372920785
4561.401436878714	5.23860195229588
4627.748548562617	5.002539173850905
4695.060701208099	4.767649138957466
4763.351931659176	4.537788128535954
4832.63648093046	4.317927180630341
4902.928797176889	4.1131653209150505
4974.243538706657	3.9273139272814923
5046.595577037959	3.7619509225128525
5120.000000000202	3.6161666496914404
5194.472114880326	3.4870901864035555
5270.027451614888	3.3706910256076004
5346.6817660285715	3.262664445071815
5424.451043119808	3.1592156304338714
5503.351500394186	3.0576535219248897
5583.399591246343	2.956907859345408
5664.612008391055	2.8575030491867643
5747.005687344222	2.761056101089816
5830.597809954497	2.669647014867363
5915.405807986278	2.585432517210385
6001.447366754812	2.5107168537335642
6088.740428814181	2.4482627501303167
6177.303197698925	2.4014887115060333
6267.154141720092	2.374171634500503
6358.3119978165005	2.369211815548414
6450.795775462017	2.387286415229445
6544.624760629676	2.4266806055827255
6639.818519813445	2.484219783698819
6736.396904108505	2.556728450596754
6834.380053350861	2.641928556336141
6933.788400317181	2.738338623274375
7034.642674985712	2.8444825316821203
7136.963908859177	2.958111511347072
7240.773439350552	3.0762883078122822
7346.092914232631	3.195605961463936
7452.944296152315	3.3125145184378644
7561.349867210557	3.4235260031521806
7671.332233608935	3.525053386451413
7782.914330363799	3.613713901487663
7896.119426088994	3.686619723717297
8010.971127848146	3.741568989521947
8127.49338607753	3.7769442107366813
8245.710499580537	3.7908404418082493
8365.647120594791	3.780426461648947
8487.328259932974	3.742387221865018
8610.77929219841	3.673856027934898
8736.025961076528	3.573659765738533
8863.094384703289	3.4432055747279673
8992.011061111683	3.2860498506655396
9122.802873757471	3.1065249695584556
9255.497097125279	2.9089666029609247
9390.121402416245	2.697300992985186
9526.7038633184	2.4746860464494236
9665.272961860968	2.2433291602826375
9805.857594353829	2.0046673298962907
9948.487077413367	1.7589973816548052
10093.19115407597	1.5050833483115806
10240.000000000457	1.2401580241457146
10388.944229760706	0.9613952713357755
10540.05490322983	0.6678276884136983
10693.363532057198	0.361885613478586
10848.902086239672	0.049122843368727194
11006.703000788428	-0.2637210268603362
11166.799182492743	-0.5708181105674254
11329.224016782166	-0.8674068237944704
11494.0113746885	-1.1480078451005065
11661.195619909053	-1.4055545986585891
11830.811615972614	-1.6321225960573569
12002.894733509682	-1.821558691362262
12177.48085762842	-1.9710983359044993
12354.606395397908	-2.080536365262837
12534.308283440243	-2.1520543893199338
12716.62399563306	-2.1890504189166813
12901.591550924093	-2.196884006837494
13089.249521259411	-2.1839142286982707
13279.637039626952	-2.1568764970957566
13472.793808217073	-2.1212188344335443
13668.760106701786	-2.084072940359465
13867.576800634426	-2.0551695132655294
14069.285349971487	-2.043969305687064
14273.927817718419	-2.055887174817621
14481.54687870117	-2.089962529111474
14692.18582846533	-2.137356297510809
14905.888592304698	-2.1839512131327705
15122.699734421185	-2.2191444629367387
15342.664467217943	-2.2440874443889496
15565.828660727671	-2.275686615875922
15792.238852178061	-2.3424549684387057
16021.942255696367	-2.4739984682353655
16254.986772155136	-2.6916560420711617
16491.42099916115	-3.006059791974341
16731.294241189662	-3.420535759694109
16974.65651986603	-3.9371986654603184
17221.558584396902	-4.558460696872832
17472.051922153143	-5.282882469234367
17726.188769406665	-6.100927612697021
17984.022122223458	-6.99475724884897
18245.605747515034	-7.947711516304239
18510.99419425065	-8.958314765288781
18780.242804832582	-10.045794451711846
19053.40772663689	-11.23121826607838
19330.545923722028	-12.501107521821286
19611.71518870775	-13.767423146465877
19896.974154826825	-14.744125296433875
20186.382308152035	-15.159212223363687