20	103.622246
20.290906698750476	103.61754784115465
20.586044732869844	103.61495722410145
20.885475648548283	103.61280446179684
21.189261887185914	103.61087672777906
21.49746679841394	103.60918378536428
21.810154653305165	103.60754779610575
22.12739065777668	103.60595983599995
22.449240966187475	103.60424079235595
22.77577269513385	103.6022823018152
23.107053937445478	103.60012916361883
23.44315377638505	103.59785218969749
23.784142300054445	103.59556993184789
24.130090616010463	103.59343435739564
24.481070866093134	103.59168955115976
24.837156241469714	103.59035227901435
25.1984209978975	103.58972344478693
25.56494047120865	103.58972125967634
25.936791093020236	103.5904142867882
26.3140504066728	103.59181938943206
26.69679708340074	103.59402329314419
27.08511093873791	103.59673519996328
27.47907294916184	103.59996116386583
27.878765268980047	103.60348700902861
28.284271247461966	103.60716969086184
28.695675446220072	103.61089086064725
29.11306365684382	103.61458663392109
29.536522918790062	103.61819477283767
29.966141537533712	103.6216033669588
30.402009102982383	103.62479938727824
30.844216508158908	103.62764596873613
31.29285596815558	103.63018452955298
31.74802103936409	103.63230078335543
32.20980663898519	103.63391683483148
32.67830906482211	103.63487082743028
33.153626015361866	103.63497305144831
33.63585661014871	103.63404589389431
34.125101410453844	103.63202190897988
34.62146244024586	103.62887501747325
35.12504320746613	103.62468658866493
35.635948725613716	103.61966697089261
36.15428553564419	103.61401835633009
36.68016172818701	103.60792600255061
37.21368696608603	103.60155137932789
37.754972507267915	103.5949424582796
38.30413122794313	103.5880916409531
38.86127764614443	103.58072124174751
39.4265279456077	103.57294833385089
40.000000000000206	103.564468
40.58181339750116	103.5550581066181
41.1720894657399	103.54479821649574
41.77095129709678	103.53368277320496
42.37852377437204	103.52172937543332
42.9949335968281	103.50921899823547
43.62030930661056	103.4962287665864
44.25478131555359	103.48299450660781
44.89848193237519	103.46974114250746
45.55154539026795	103.45667189992717
46.21410787489121	103.44393162072907
46.88630755277036	103.43163701249513
47.56828460010916	103.41965767523091
48.260181232021196	103.40795742436933
48.962141732186545	103.39646168425068
49.674312482939705	103.3850461933949
50.39684199579528	103.37370620187077
51.129880942417586	103.36238670993541
51.873582186040764	103.35114034791198
52.628100813345895	103.33991986072067
53.393594166801776	103.32862725459583
54.17022187747612	103.31715501590325
54.95814589832399	103.30531228215789
55.75753053796041	103.29292322712658
56.56854249492426	103.27995244996194
57.39135089244048	103.26649605409798
58.226127313687975	103.25264005051874
59.073045837580466	103.23859814826942
59.932283075067765	103.22482543458975
60.804018205965114	103.21150583548939
61.68843301631817	103.1990787709128
62.58571193631152	103.18731887568205
63.49604207872855	103.17611443964437
64.41961327797075	103.1652337608386
65.35661812964459	103.15443860474535
66.3072520307241	103.14343816268773
67.27171322029778	103.13195662459712
68.25020282090806	103.11968710095613
69.2429248804921	103.10653750692623
70.25008641493265	103.0924612506129
71.27189745122783	103.07753863494943
72.30857107128878	103.06186370835502
73.36032345637442	103.04555539138433
74.42737393217246	103.02862196404033
75.50994501453623	103.01103900742037
76.60826245588666	102.99285666030312
77.72255529228926	102.97408459042963
78.85305589121582	102.95465774258805
80.00000000000082	102.93452499999998
81.16362679500274	102.91369893737128
82.34417893148023	102.89223801910924
83.541902594194	102.87025307304962
84.75704754874454	102.8477900734198
85.98986719365665	102.82497198711337
87.24061861322157	102.80204687271105
88.50956263110764	102.77923179687372
89.79696386475084	102.75712540115708
91.10309078053635	102.73575509601079
92.42821574978288	102.71568139962466
93.77261510554118	102.69699585797653
95.13656920021877	102.67994807540386
96.52036246404286	102.66444448182187
97.92428346437356	102.65022455921488
99.34862496587989	102.63709708709729
100.79368399159105	102.62481000040826
102.25976188483567	102.61284385174784
103.74716437208203	102.60078474849783
105.25620162669229	102.5881919965847
106.78718833360406	102.57481582147868
108.34044375495276	102.56046491971145
109.9162917966485	102.5451993779366
111.51506107592134	102.52919677066761
113.13708498984903	102.51263521540751
114.78270178488147	102.49581635274683
116.45225462737648	102.47892328686228
118.14609167516147	102.46197634526658
119.86456615013608	102.44512404626926
121.60803641193078	102.42819956377596
123.3768660326369	102.41138734450847
125.17142387262359	102.3945601288274
126.99208415745765	102.3779950437841
128.83922655594208	102.36195979969143
130.71323625928977	102.3461629687549
132.61450406144883	102.33077715651542
134.5434264405962	102.3162079710616
136.50040564181674	102.30233275664439
138.48584976098482	102.28909953797086
140.50017282986593	102.27649097235361
142.5437949024563	102.26433959551
144.61714214257822	102.25257747257012
146.7206469127495	102.24130868877477
148.8547478643456	102.23023760713626
151.01989002907314	102.21924376906578
153.216524911774	102.20818527512508
155.4451105845792	102.19688428565846
157.70611178243232	102.1851431690649
160.00000000000236	102.17283599999999
162.3272535900062	102.15978941637442
164.6883578629612	102.14618542169926
167.08380518838874	102.13216406580906
169.51409509748981	102.11789059412126
171.97973438731407	102.10350840260955
174.4812372264439	102.08903933625452
177.01912526221608	102.07443564504247
179.5939277295025	102.05947177704792
182.20618156107355	102.04382919936546
184.85643149956664	102.02713159259135
187.54523021108326	102.00885773558336
190.27313840043846	101.98847143002848
193.04072492808663	101.96594359726087
195.84856692874806	101.94125920005392
198.69724993176072	101.91469285395245
201.58736798318304	101.88667074043424
204.5195237696723	101.85790184816896
207.49432874416505	101.82908371531536
210.5124032533856	101.80091251049608
213.57437666720915	101.77393235421704
216.68088750990657	101.7497818167773
219.83258359329807	101.72694762773479
223.03012215184378	101.70793127781188
226.2741699796992	101.69051108905782
229.5654035697641	101.67522726339797
232.90450925475412	101.66152613274353
236.2921833503241	101.64897767821961
239.72913230027333	101.63692859443832
243.21607282386276	101.62498591760045
246.75373206527502	101.61301624755714
250.34284774524843	101.60070917544336
253.9841683149166	101.58808289636802
257.67845311188546	101.57497133067936
261.42647251858085	101.56143816213655
265.22900812289896	101.5475839982052
269.08685288119375	101.53343461062117
273.0008112836349	101.51919083323251
276.97169952197106	101.50500316487502
281.00034565973334	101.49103243913635
285.0875898049141	101.47732575632081
289.23428428515797	101.46434245590316
293.44129382550057	101.45206229239193
297.7094957286928	101.440491456384
302.0397800581479	101.42960362731058
306.4330498235497	101.4194280158638
310.89022116916016	101.40984929546973
315.41222356486645	101.40059769929564
320.00000000000654	101.39135699999999
324.6545071800142	101.38186925256426
329.3767157259242	101.37195551476951
334.16761037677935	101.3615052639658
339.02819019498156	101.35041113436135
343.95946877463007	101.33859308556539
348.9624744528898	101.32604993963419
354.03825052443415	101.31285124482682
359.187855459007	101.29899061227482
364.4123631221491	101.28455110469916
369.71286299913527	101.26949499588807
375.0904604221685	101.25372934124782
380.54627680087896	101.2371039099372
386.08144985617537	101.2199439578986
391.6971338574982	101.20191606476627
397.3944998635236	101.18343500014565
403.1747359663683	101.1644392597351
409.0390475393468	101.14513944359472
414.9886574883323	101.12579904746302
421.0248065067734	101.10666422119667
427.1487533344206	101.08790546700011
433.3617750198154	101.06990198785297
439.6651671865984	101.05279866612243
446.06024430368984	101.03654475098381
452.54833995940066	101.02132599612713
459.13080713953053	101.00719256365491
465.8090185095106	100.99378755448974
472.58436670065066	100.98112578529488
479.45826460054917	100.96890122142375
486.432145647728	100.95690085095801
493.50746413055253	100.94503857540772
500.6856954904994	100.93316851639982
507.9683366298358	100.92127869440972
515.3569062237735	100.90939276251476
522.8529450371643	100.8975420454508
530.4580162458005	100.88569042215227
538.1737057623901	100.87376901161502
546.0016225672724	100.86158044283397
553.9433990439449	100.84898938224354
562.0006913194694	100.83589545434538
570.1751796098309	100.82233360938618
578.4685685703187	100.80787574441136
586.8825876510039	100.79281390093436
595.4189914573883	100.77720404455941
604.0795601162986	100.76107322808107
612.8660996471021	100.7444112625017
621.780442338323	100.72726055809476
630.8244471297356	100.70962905449824
640.0000000000159	100.69158899999996
649.3090143600314	100.67298865840722
658.7534314518515	100.65384991361363
668.3352207535618	100.63408793109201
678.0563803899662	100.61362609078816
687.9189375492632	100.59240400838102
697.9249489057827	100.5703173683985
708.0765010488715	100.54731292296056
718.3757109180171	100.52336366415334
728.8247262443015	100.49844878267952
739.425725998274	100.47258067420822
750.1809208443404	100.44576984811519
761.0925536017613	100.41813795676248
772.1628997123541	100.38981125031363
783.3942677149998	100.36109054314626
794.7889997270506	100.3321620661898
806.34947193274	100.30326482889996
818.0780950786972	100.2746754288076
829.9773149766683	100.2465770144415
842.0496130135506	100.21919051132252
854.2975066688449	100.19291847504219
866.7235500396347	100.16820136572545
879.3303343732008	100.14544131460612
892.1204886073838	100.12629646316384
905.0966799188055	100.11060351051852
918.2616142790653	100.10075625153632
931.6180370190256	100.0976036488426
945.1687334013056	100.10238982127078
958.9165292011028	100.11669865985179
972.8642912954606	100.14196925384005
987.0149282611097	100.17902358654163
1001.3713909810035	100.2297410949527
1015.9366732596762	100.29339677926862
1030.7138124475518	100.37051183205345
1045.7058900743334	100.46102270195371
1060.916032491606	100.56247091493141
1076.3474115247852	100.67480307528078
1092.0032451345498	100.79617182398533
1107.8867980878947	100.92497676418324
1124.0013826389438	101.06083643987498
1140.350359219667	101.20187724134176
1156.9371371406426	101.34902610727498
1173.765175302013	101.49994055870006
1190.837982914782	101.6562698494667
1208.1591202326028	101.81541398209293
1225.73219929421	101.97786236616993
1243.5608846766518	102.1426098696413
1261.648894259477	102.30870620093302
1280.0000000000375	102.47563200000033
1298.6180287200684	102.64084945074924
1317.5068629037087	102.80803170177194
1336.6704415071292	102.97172215484603
1356.112760779938	103.13336553461949
1375.8378750985323	103.29226180358225
1395.8498978115715	103.44783669670824
1416.153002097749	103.59895569940116
1436.7514218360407	103.74872136302027
1457.6494524886093	103.89413511666824
1478.8514519965543	104.03687247654814
1500.3618416886875	104.1767469974039
1522.1851072035295	104.3127495880924
1544.3257994247153	104.44655446327513
1566.788535430007	104.57865580502401
1589.5779994541087	104.70944501129672
1612.6989438654878	104.83931743028678
1636.156190157402	104.96866198690648
1659.9546299533442	105.09773732655343
1684.099226027109	105.22666880645738
1708.5950133376978	105.35556624091768
1733.4471000792773	105.48448436403145
1758.6606687464096	105.61345238704756
1784.2409772147755	105.7424538826758
1810.193359837619	105.87145287727978
1836.5232285581387	106.00035882164177
1863.2360740380593	106.12899225406208
1890.3374668026197	106.2571186027764
1917.833058402214	106.38449675499793
1945.7285825909298	106.51092491260964
1974.0298565222283	106.63628823445956
2002.7427819620161	106.76014533952886
2031.8733465193618	106.88302355615608
2061.4276248951132	107.00476509304012
2091.411780148677	107.12537694306114
2121.832064983222	107.24479832037781
2152.694823049581	107.36216916109518
2184.0064902691106	107.47907354507376
2215.7735961758003	107.59263243779509
2248.002765277899	107.70502156018915
2280.7007184393456	107.8143893104553
2313.874274281297	107.92098228023563
2347.530350604038	108.02469859939633
2381.6759658295764	108.12504454124748
2416.318240465218	108.22296156007111
2451.4643985884327	108.31677452366961
2487.1217693533167	108.40760124753913
2523.2977885189675	108.49353925492896
2560.0000000000887	108.57523750000018
2597.236057440151	108.65198052666885
2635.0137258074315	108.72340547677486
2673.340883014273	108.787445653197
2712.225521559891	108.84523473612266
2751.6757501970797	108.89354839613279
2791.699795623158	108.93225792882292
2832.3060041955137	108.95825539047429
2873.502843672097	108.9721759725517
2915.2989049772345	108.97216497727823
2957.7029039931244	108.9566247202928
3000.723683377391	108.92425751907352
3044.370214407075	108.87137915694971
3088.6515988494466	108.79867527540289
3133.57707086003	108.70916131790605
3179.1559989082334	108.60128913559743
3225.3978877309914	108.47800742617962
3272.3123803148205	108.34011874489711
3319.9092599067053	108.18937614979714
3368.198452054235	108.02795133915042
3417.190026675413	107.85830008278631
3466.8942001585724	107.6830673368943
3517.3213374928373	107.50488482385293
3568.4819544295697	107.32627353153211
3620.386719675257	107.14951899057968
3673.0464571162966	106.97651341279733
3726.472148076138	106.8090918841784
3780.6749336052594	106.64900798028441
3835.6661168044484	106.49404808161943
3891.45716518188	106.34887214148505
3948.059713044477	106.20775632940881
4005.4855639240527	106.0764903988965
4063.746693038744	105.95119215333203
4122.855249790247	105.83144831567931
4182.823560297375	105.71608235975528
4243.664129966465	105.60369852861352
4305.389646099183	105.49202499723789
4368.012980538242	105.3796625538197
4431.5471923516225	105.26432138547901
4496.00553055582	105.14451221810933
4561.401436878714	105.0173865895826
4627.748548562617	104.88278343952962
4695.060701208099	104.73771508617504
4763.351931659176	104.58250540099654
4832.63648093046	104.41623558861814
4902.928797176889	104.23683927164728
4974.243538706657	104.04659192899275
5046.595577037959	103.84375824288472
5120.000000000202	103.63052714285655
5194.472114880326	103.40663448675336
5270.027451614888	103.17361610994101
5346.6817660285715	102.93391457969898
5424.451043119808	102.6898105821818
5503.351500394186	102.4443685761074
5583.399591246343	102.20154237803607
5664.612008391055	101.96589514294023
5747.005687344222	101.73900805567321
5830.597809954497	101.52378092000478
5915.405807986278	101.32265089361807
6001.447366754812	101.13735673347193
6088.740428814181	100.97088476888194
6177.303197698925	100.82140711979119
6267.154141720092	100.68777234297781
6358.3119978165005	100.56974765956572
6450.795775462017	100.46546713217865
6544.624760629676	100.37541335889658
6639.818519813445	100.29974414180506
6736.396904108505	100.23916680423535
6834.380053350861	100.1945268333444
6933.788400317181	100.16871679819648
7034.642674985712	100.16940837963875
7136.963908859177	100.1942604435738
7240.773439350552	100.2240232266605
7346.092914232631	100.25028595580147
7452.944296152315	100.27253852025179
7561.349867210557	100.28900768450858
7671.332233608935	100.2987877642728
7782.914330363799	100.30097981867311
7896.119426088994	100.29445142966885
8010.971127848146	100.27774002204369
8127.49338607753	100.25084055957547
8245.710499580537	100.21402775043063
8365.647120594791	100.16739569164272
8487.328259932974	100.11266327146117
8610.77929219841	100.05032232610115
8736.025961076528	99.98131619738618
8863.094384703289	99.90698576742578
8992.011061111683	99.8282219753628
9122.802873757471	99.74587146367267
9255.497097125279	99.66054178744915
9390.121402416245	99.57297161496001
9526.7038633184	99.4836483270376
9665.272961860968	99.39302526353755
9805.857594353829	99.30136827464861
9948.487077413367	99.20893020653968
10093.19115407597	99.11596617218615
10240.000000000457	99.02253999999971
10388.944229760706	98.92877573373639
10540.05490322983	98.834844888185
10693.363532057198	98.74069561645433
10848.902086239672	98.64643196484401
11006.703000788428	98.55208970431191
11166.799182492743	98.45762229454203
11329.224016782166	98.36324416885401
11494.0113746885	98.26862279500523
11661.195619909053	98.17432470198364
11830.811615972614	98.07973471826611
12002.894733509682	97.98530741680835
12177.48085762842	97.890564224542
12354.606395397908	97.7961446732297
12534.308283440243	97.70149096403156
12716.62399563306	97.60697151520735
12901.591550924093	97.51279567869537
13089.249521259411	97.41809381588283
13279.637039626952	97.32339048176205
13472.793808217073	97.22882363172678
13668.760106701786	97.13425595161095
13867.576800634426	97.03972009823326
14069.285349971487	96.94531629232185
14273.927817718419	96.85065960100707
14481.54687870117	96.75609692870864
14692.18582846533	96.66173551652106
14905.888592304698	96.56736644633452
15122.699734421185	96.47302430988331
15342.664467217943	96.37873954379599
15565.828660727671	96.28456899297514
15792.238852178061	96.19058978469451
16021.942255696367	96.09687552806366
16254.986772155136	96.00354588610885
16491.42099916115	95.91084948306889
16731.294241189662	95.81893638752598
16974.65651986603	95.72808415596735
17221.558584396902	95.63868959676586
17472.051922153143	95.55127539195942
17726.188769406665	95.46652551861672
17984.022122223458	95.38525070379805
18245.605747515034	95.30850349084282
18510.99419425065	95.23783828234892
18780.242804832582	95.17472699101664
19053.40772663689	95.1206572659761
19330.545923722028	95.07727558658094
19611.71518870775	95.04600066283453
19896.974154826825	95.02833696471727
20186.382308152035	95.0243
