20	-0.897123449336
20.2909066988	-0.909053798859
20.5860447329	-0.921053893769
20.8854756485	-0.933184387014
21.1892618872	-0.945491580954
21.4974667984	-0.958009705985
21.8101546533	-0.970764326384
22.1273906578	-0.983775312125
22.4492409662	-0.997059077015
22.7757726951	-1.010630346306
23.1070539374	-1.024503021416
23.4431537764	-1.038690269330
23.7841423001	-1.053204524413
24.130090616	-1.068056412582
24.4810708661	-1.083253848274
24.8371562415	-1.098801717953
25.1984209979	-1.114702006282
25.5649404712	-1.130954083198
25.936791093	-1.147555715552
26.3140504067	-1.164503680975
26.6967970834	-1.181794551548
27.0851109387	-1.199425228555
27.4790729492	-1.217392808641
27.878765269	-1.235694634368
28.2842712475	-1.254328250849
28.6956754462	-1.273291131242
29.1130636568	-1.292580175147
29.5365229188	-1.312191127201
29.9661415375	-1.332118493796
30.402009103	-1.352355680402
30.8442165082	-1.372894211646
31.2928559682	-1.393723621928
31.7480210394	-1.414831454410
32.209806639	-1.436203239265
32.6783090648	-1.457822901365
33.1536260154	-1.479673182143
33.6358566101	-1.501736096088
34.1251014105	-1.523993881025
34.6214624402	-1.546430028383
35.1250432075	-1.569030122638
35.6359487256	-1.591782216178
36.1542855356	-1.614677642044
36.6801617282	-1.637711841042
37.2136869661	-1.660884625695
37.7549725073	-1.684200336270
38.3041312279	-1.707667896186
38.8612776461	-1.731300472390
39.4265279456	-1.755115491164
40	-1.779134255757
40.5818133975	-1.803381461356
41.1720894657	-1.827884750330
41.7709512971	-1.852674298012
42.3785237744	-1.877782417024
42.9949335968	-1.903243166238
43.6203093066	-1.929091948966
44.2547813156	-1.955364927935
44.8984819324	-1.982097927412
45.5515453903	-2.009325737436
46.2141078749	-2.037081651215
46.8863075528	-2.065397539516
47.5682846001	-2.094303821345
48.260181232	-2.123828843736
48.9621417322	-2.153998613592
49.6743124829	-2.184836719537
50.3968419958	-2.216364766498
51.1298809424	-2.248602843668
51.873582186	-2.281569867366
52.6281008133	-2.315283967012
53.3935941668	-2.349763415052
54.1702218775	-2.385027454781
54.9581458983	-2.421096537837
55.757530538	-2.457992805967
56.5685424949	-2.495739988758
57.3913508924	-2.534363054956
58.2261273137	-2.573887788597
59.0730458376	-2.614340294113
59.9322830751	-2.655746434095
60.804018206	-2.698131203234
61.6884330163	-2.741518042331
62.5857119363	-2.785928097067
63.4960420787	-2.831379604480
64.419613278	-2.877887947796
65.3566181296	-2.925465868668
66.3072520307	-2.974123495564
67.2717132203	-3.023867661474
68.2502028209	-3.074701241804
69.2429248805	-3.126623259200
70.2500864149	-3.179629055486
71.2718974512	-3.233710005438
72.3085710713	-3.288853904727
73.3603234564	-3.345045507757
74.4273739322	-3.402266685465
75.5099450145	-3.460497171366
76.6082624559	-3.519714979913
77.7225552923	-3.579896904579
78.8530558912	-3.641019119218
80	-3.703057518811
81.163626795	-3.765988594345
82.3441789315	-3.829789481424
83.5419025942	-3.894438567625
84.7570475487	-3.959915863838
85.9898671937	-4.026203329815
87.2406186132	-4.093284728499
88.5095626311	-4.161145383889
89.7969638648	-4.229771391915
91.1030907805	-4.299148856646
92.4282157498	-4.369263098890
93.7726151055	-4.440097358973
95.1365692002	-4.511632201908
96.520362464	-4.583845359132
97.9242834644	-4.656712383761
99.3486249659	-4.730207410309
100.793683992	-4.804303952627
102.259761885	-4.878976107559
103.747164372	-4.954198974768
105.256201627	-5.029948867623
106.787188334	-5.106201625055
108.340443755	-5.182930732789
109.916291797	-5.260105154081
111.515061076	-5.337687716874
113.13708499	-5.415634694637
114.782701785	-5.493895107601
116.452254627	-5.572410162316
118.146091675	-5.651112781287
119.86456615	-5.729926458073
121.608036412	-5.808764149031
123.376866033	-5.887527454263
125.171423873	-5.966106121399
126.992084157	-6.044377930993
128.839226556	-6.122209309672
130.713236259	-6.199457571408
132.614504061	-6.275974172449
134.543426441	-6.351608363061
136.500405642	-6.426209816554
138.485849761	-6.499631743598
140.50017283	-6.571734148108
142.543794902	-6.642386595894
144.617142143	-6.711469292107
146.720646913	-6.778874860068
148.854747864	-6.844509594382
151.019890029	-6.908294064389
153.216524912	-6.970164073358
155.445110585	-7.030071537844
157.706111782	-7.087986000168
160	-7.143895687309
162.32725359	-7.197807275817
164.688357863	-7.249746208339
167.083805188	-7.299756971526
169.514095097	-7.347902694619
171.979734387	-7.394263053877
174.481237226	-7.438931639599
177.019125262	-7.482013952256
179.59392773	-7.523624929974
182.206181561	-7.563885844582
184.8564315	-7.602921035271
187.545230211	-7.640852937747
190.2731384	-7.677798252973
193.040724928	-7.713864746219
195.848566929	-7.749147815091
198.697249932	-7.783725951820
201.587367983	-7.817657448767
204.51952377	-7.850978641157
207.494328744	-7.883702205854
210.512403253	-7.915815513844
213.574376667	-7.947280590749
216.68088751	-7.978036219679
219.832583593	-8.008001634935
223.030122152	-8.037079727781
226.27416998	-8.065161591107
229.56540357	-8.092130730965
232.904509255	-8.117867671033
236.29218335	-8.142254485940
239.7291323	-8.165180030508
243.216072824	-8.186543703390
246.753732065	-8.206258898158
250.342847745	-8.224256434232
253.984168315	-8.240486930621
257.678453112	-8.254923210276
261.426472519	-8.267562014563
265.229008123	-8.278425576158
269.086852881	-8.287560309145
273.000811284	-8.295033916545
276.971699522	-8.300932664369
281.00034566	-8.305357218031
285.087589805	-8.308417284431
289.234284285	-8.310228236161
293.441293826	-8.310909001152
297.709495729	-8.310581462977
302.039780058	-8.309367985525
306.433049824	-8.307387703715
310.890221169	-8.304752242164
315.412223565	-8.301563207610
320	-8.297912827943
324.65450718	-8.293884783579
329.376715726	-8.289557222212
334.167610377	-8.285004909606
339.028190195	-8.280301414130
343.959468775	-8.275521670003
348.962474453	-8.270744694892
354.038250524	-8.266056216674
359.187855459	-8.261551561992
364.412363122	-8.257339115973
369.712862999	-8.253539593577
375.090460422	-8.250287009334
380.546276801	-8.247726999617
386.081449856	-8.246015229709
391.697133857	-8.245315965195
397.394499864	-8.245798133987
403.174735966	-8.247630203052
409.039047539	-8.250973815663
414.988657488	-8.255976157981
421.024806507	-8.262763244320
427.148753334	-8.271433507434
433.36177502	-8.282049667638
439.665167187	-8.294633772275
446.060244304	-8.309166034544
452.548339959	-8.325585195993
459.13080714	-8.343792215838
465.80901851	-8.363655283840
472.584366701	-8.385016753167
479.458264601	-8.407704436289
486.432145648	-8.431543113155
493.507464131	-8.456368950291
500.68569549	-8.482046060325
507.96833663	-8.508476207659
515.356906224	-8.535603022031
522.852945037	-8.563411913440
530.458016246	-8.591925794167
538.173705762	-8.621197476546
546.001622567	-8.651302413590
553.943399044	-8.682332490283
562.000691319	-8.714389431984
570.17517961	-8.747575203695
578.46856857	-8.781983901239
586.882587651	-8.817691354576
595.418991457	-8.854749399493
604.079560116	-8.893176727901
612.866099647	-8.932951554944
621.780442338	-8.974007192274
630.82444713	-9.016227336805
640	-9.059443960085
649.30901436	-9.103437608147
658.753431452	-9.147948991775
668.335220754	-9.192697690077
678.05638039	-9.237396190298
687.918937549	-9.281765166744
697.924948906	-9.325545620858
708.076501049	-9.368511364331
718.375710918	-9.410479799278
728.824726244	-9.451319960582
739.425725998	-9.490953443016
750.180920844	-9.529349013196
761.092553602	-9.566515735647
772.162899712	-9.602490207615
783.394267715	-9.637315971629
794.788999727	-9.671012724845
806.349471933	-9.703534503924
818.078095079	-9.734740947099
829.977314977	-9.764389579980
842.049613014	-9.792148358071
854.297506669	-9.817616396022
866.72355004	-9.840344406711
879.330334373	-9.859850084801
892.120488607	-9.875629381467
905.096679919	-9.887161291192
918.261614279	-9.893909699298
931.618037019	-9.895328282543
945.168733401	-9.890873067839
958.916529201	-9.880021605053
972.864291295	-9.862303901565
987.014928261	-9.837350285161
1001.37139098	-9.804950061180
1015.93667326	-9.765101795975
1030.71381245	-9.718032378280
1045.70589007	-9.664173697079
1060.91603249	-9.604110151978
1076.34741152	-9.538513350069
1092.00324513	-9.468094210408
1107.88679809	-9.393568545511
1124.00138264	-9.315644230327
1140.35035922	-9.235022553827
1156.93713714	-9.152395216730
1173.7651753	-9.068439067239
1190.83798291	-8.983816270806
1208.15912023	-8.899157131313
1225.73219929	-8.815030563416
1243.56088468	-8.731899108682
1261.64889426	-8.650068848224
1280	-8.569666057508
1298.61802872	-8.490646038140
1317.5068629	-8.412827122709
1336.67044151	-8.335929003196
1356.11276078	-8.259619232069
1375.8378751	-8.183546025007
1395.84989781	-8.107349428508
1416.1530021	-8.030678921313
1436.75142184	-7.953210603674
1457.64945249	-7.874641514548
1478.851452	-7.794675088413
1500.36184169	-7.713012450806
1522.1851072	-7.629361100800
1544.32579942	-7.543427844772
1566.78853543	-7.454911357906
1589.57799945	-7.363514921599
1612.69894387	-7.268957341963
1636.15619016	-7.170976363049
1659.95462995	-7.069317979281
1684.09922603	-6.963727837838
1708.59501334	-6.853937568592
1733.44710008	-6.739643399856
1758.66066875	-6.620474872636
1784.24097721	-6.495978198289
1810.19335984	-6.365562714500
1836.52322856	-6.228445800026
1863.23607404	-6.083621867314
1890.3374668	-5.929861517741
1917.8330584	-5.765761019029
1945.72858259	-5.589854164963
1974.02985652	-5.400854855634
2002.74278196	-5.197985216440
2031.87334652	-4.981285888870
2061.4276249	-4.751701942423
2091.41178015	-4.510906419027
2121.83206498	-4.260986773905
2152.69482305	-4.004151396349
2184.00649027	-3.742544233095
2215.77359618	-3.478175087673
2248.00276528	-3.212929500087
2280.70071844	-2.948616086471
2313.87427428	-2.687018884610
2347.5303506	-2.429956117648
2381.67596583	-2.179338761321
2416.31824047	-1.937167599165
2451.46439859	-1.705432807077
2487.12176935	-1.485873420381
2523.29778852	-1.279731675571
2560	-1.087606801277
2597.23605744	-0.909492465684
2635.01372581	-0.744984494554
2673.34088301	-0.593554425916
2712.22552156	-0.454755853607
2751.6757502	-0.328325472110
2791.69979562	-0.214233560361
2832.3060042	-0.112708669051
2873.50284367	-0.024260562510
2915.29890498	0.050243163687
2957.70290399	0.109532429803
3000.72368338	0.151901407970
3044.37021441	0.175237675809
3088.65159885	0.177297649875
3133.57707086	0.156196504030
3179.15599891	0.111056345216
3225.39788773	0.042493063585
3272.31238031	-0.047450825024
3319.90925991	-0.155824455834
3368.19845205	-0.279498042947
3417.19002668	-0.415677273869
3466.89420016	-0.562074093821
3517.32133749	-0.716906197944
3568.48195443	-0.878828397826
3620.38671968	-1.046749486753
3673.04645712	-1.219624989813
3726.47214808	-1.396294870630
3780.67493361	-1.575280385295
3835.6661168	-1.754663334885
3891.45716518	-1.932096750924
3948.05971304	-2.105076077364
4005.48556392	-2.271399073388
4063.74669304	-2.429750370023
4122.85524979	-2.580011527419
4182.8235603	-2.723001721594
4243.66412997	-2.859924922346
4305.3896461	-2.991921218104
4368.01298054	-3.119866111929
4431.54719235	-3.244341459161
4496.00553056	-3.365731309176
4561.40143688	-3.484294696779
4627.74854856	-3.600232502193
4695.06070121	-3.713728137909
4763.35193166	-3.824953011181
4832.63648093	-3.934093254162
4902.92879718	-4.041332858985
4974.24353871	-4.146955317236
5046.59557704	-4.251460434729
5120	-4.355596845636
5194.47211488	-4.460266122708
5270.02745161	-4.566423651371
5346.68176603	-4.674924656203
5424.45104312	-4.786408469901
5503.35150039	-4.901183034849
5583.39959125	-5.019249620577
5664.61200839	-5.140353766950
5747.00568734	-5.264060044776
5830.59780995	-5.389549834952
5915.40580799	-5.515492527308
6001.44736675	-5.639701721125
6088.74042881	-5.759037521477
6177.3031977	-5.869584818696
6267.15414172	-5.967283730906
6358.31199782	-6.049428514115
6450.79577546	-6.115940602003
6544.62476063	-6.169327139224
6639.81851981	-6.213307197356
6736.39690411	-6.251336658039
6834.38005335	-6.286000236001
6933.78840032	-6.318938002143
7034.64267499	-6.351190922074
7136.96390886	-6.383561886844
7240.77343935	-6.416878466160
7346.09291423	-6.452139138201
7452.94429615	-6.490529463191
7561.34986721	-6.534019200850
7671.33223361	-6.586111483062
7782.91433036	-6.652451435579
7896.11942609	-6.740505013520
8010.97112785	-6.857353826729
8127.49338608	-7.006524966437
8245.71049958	-7.186090194533
8365.64712059	-7.390226207998
8487.32825993	-7.612461587956
8610.7792922	-7.847961293770
8736.02596108	-8.094051189886
8863.0943847	-8.349443352417
8992.01106111	-8.613428309552
9122.80287376	-8.885453862188
9255.49709713	-9.164961270403
9390.12140242	-9.451175335413
9526.70386332	-9.742795917930
9665.27296186	-10.038121119361
9805.85759435	-10.334743231141
9948.48707741	-10.629898579220
10093.1911541	-10.921537978885
10240	-11.209464748389
10388.9442298	-11.494950424637
10540.0549032	-11.779800416324
10693.3635321	-12.065729222910
10848.9020862	-12.354214183294
11006.7030008	-12.646480425457
11166.7991825	-12.943656167444
11329.2240168	-13.246627313253
11494.0113747	-13.556455919581
11661.1956199	-13.874185139721
11830.811616	-14.199955991599
12002.8947335	-14.532632397550
12177.4808576	-14.868693467574
12354.6063954	-15.201304995668
12534.3082834	-15.521096554272
12716.6239956	-15.818359923357
12901.5915509	-16.086791600083
13089.2495213	-16.323451398191
13279.6370396	-16.522930634144
13472.7938082	-16.678396730607
13668.7601067	-16.787388968176
13867.5768006	-16.853401259091
14069.28535	-16.884271354773
14273.9278177	-16.889614149153
14481.5468787	-16.877774308629
14692.1858285	-16.855655511990
14905.8885923	-16.828334401241
15122.6997344	-16.799266445793
15342.6644672	-16.772469063944
15565.8286607	-16.754806144359
15792.2388522	-16.757342332030
16021.9422557	-16.793124082467
16254.9867722	-16.869144144750
16491.4209992	-16.981522811934
16731.2942412	-17.119613883018
16974.6565199	-17.274262210221
17221.5585844	-17.440800805874
17472.0519222	-17.617384960396
17726.1887694	-17.802555450333
17984.0221222	-17.992831925793
18245.6057475	-18.181709834891
18510.9941943	-18.361415914778
18780.2428048	-18.526553111084
19053.4077266	-18.679164067249
19330.5459237	-18.835563339059
19611.7151887	-19.018936136572
19896.9741548	-19.198550205045
20186.3823082	-19.297377915824
