20	0.000000000000
20.2909066988	0.000000000000
20.5860447329	0.000000000000
20.8854756485	0.000000000000
21.1892618872	0.000000000000
21.4974667984	0.000000000000
21.8101546533	0.000000000000
22.1273906578	0.000000000000
22.4492409662	0.000000000000
22.7757726951	0.000000000000
23.1070539374	0.000000000000
23.4431537764	0.000000000000
23.7841423001	0.000000000000
24.130090616	0.000000000000
24.4810708661	0.000000000000
24.8371562415	0.000000000000
25.1984209979	0.000000000000
25.5649404712	0.000000000000
25.936791093	0.000000000000
26.3140504067	0.000000000000
26.6967970834	0.000000000000
27.0851109387	0.000000000000
27.4790729492	0.000000000000
27.878765269	0.000000000000
28.2842712475	0.000000000000
28.6956754462	0.000000000000
29.1130636568	0.000000000000
29.5365229188	0.000000000000
29.9661415375	0.000000000000
30.402009103	0.000000000000
30.8442165082	0.000000000000
31.2928559682	0.000000000000
31.7480210394	0.000000000000
32.209806639	0.000000000000
32.6783090648	0.000000000000
33.1536260154	0.000000000000
33.6358566101	0.000000000000
34.1251014105	0.000000000000
34.6214624402	0.000000000000
35.1250432075	0.000000000000
35.6359487256	0.000000000000
36.1542855356	0.000000000000
36.6801617282	0.000000000000
37.2136869661	0.000000000000
37.7549725073	0.000000000000
38.3041312279	0.000000000000
38.8612776461	0.000000000000
39.4265279456	0.000000000000
40	0.000000000000
40.5818133975	0.000000000000
41.1720894657	0.000000000000
41.7709512971	0.000000000000
42.3785237744	0.000000000000
42.9949335968	0.000000000000
43.6203093066	0.000000000000
44.2547813156	0.000000000000
44.8984819324	0.000000000000
45.5515453903	0.000000000000
46.2141078749	0.000000000000
46.8863075528	0.000000000000
47.5682846001	0.000000000000
48.260181232	0.000000000000
48.9621417322	0.000000000000
49.6743124829	0.000000000000
50.3968419958	0.000000000000
51.1298809424	0.000000000000
51.873582186	0.000000000000
52.6281008133	0.000000000000
53.3935941668	0.000000000000
54.1702218775	0.000000000000
54.9581458983	0.000000000000
55.757530538	0.000000000000
56.5685424949	0.000000000000
57.3913508924	0.000000000000
58.2261273137	0.000000000000
59.0730458376	0.000000000000
59.9322830751	0.000000000000
60.804018206	0.000000000000
61.6884330163	0.000000000000
62.5857119363	0.000000000000
63.4960420787	0.000000000000
64.419613278	0.000000000000
65.3566181296	0.000000000000
66.3072520307	0.000000000000
67.2717132203	0.000000000000
68.2502028209	0.000000000000
69.2429248805	0.000000000000
70.2500864149	0.000000000000
71.2718974512	0.000000000000
72.3085710713	0.000000000000
73.3603234564	0.000000000000
74.4273739322	0.000000000000
75.5099450145	0.000000000000
76.6082624559	0.000000000000
77.7225552923	0.000000000000
78.8530558912	0.000000000000
80	0.000000000000
81.163626795	0.000000000000
82.3441789315	0.000000000000
83.5419025942	0.000000000000
84.7570475487	0.000000000000
85.9898671937	0.000000000000
87.2406186132	0.000000000000
88.5095626311	0.000000000000
89.7969638648	0.000000000000
91.1030907805	0.000000000000
92.4282157498	0.000000000000
93.7726151055	0.000000000000
95.1365692002	0.000000000000
96.520362464	0.000000000000
97.9242834644	0.000000000000
99.3486249659	0.000000000000
100.793683992	0.000000000000
102.259761885	0.000000000000
103.747164372	0.000000000000
105.256201627	0.000000000000
106.787188334	0.000000000000
108.340443755	0.000000000000
109.916291797	0.000000000000
111.515061076	0.000000000000
113.13708499	0.000000000000
114.782701785	0.000000000000
116.452254627	0.000000000000
118.146091675	0.000000000000
119.86456615	0.000000000000
121.608036412	0.000000000000
123.376866033	0.000000000000
125.171423873	0.000000000000
126.992084157	0.000000000000
128.839226556	0.000000000000
130.713236259	0.000000000000
132.614504061	0.000000000000
134.543426441	0.000000000000
136.500405642	0.000000000000
138.485849761	0.000000000000
140.50017283	0.000000000000
142.543794902	0.000000000000
144.617142143	0.000000000000
146.720646913	0.000000000000
148.854747864	0.000000000000
151.019890029	0.000000000000
153.216524912	0.000000000000
155.445110585	0.000000000000
157.706111782	0.000000000000
160	0.000000000000
162.32725359	0.000000000000
164.688357863	0.000000000000
167.083805188	0.000000000000
169.514095097	0.000000000000
171.979734387	0.000000000000
174.481237226	0.000000000000
177.019125262	0.000000000000
179.59392773	0.000000000000
182.206181561	0.000000000000
184.8564315	0.000000000000
187.545230211	0.000000000000
190.2731384	0.000000000000
193.040724928	0.000000000000
195.848566929	0.000000000000
198.697249932	0.000000000000
201.587367983	0.000000000000
204.51952377	0.000000000000
207.494328744	0.000000000000
210.512403253	0.000000000000
213.574376667	0.000000000000
216.68088751	0.000000000000
219.832583593	0.000000000000
223.030122152	0.000000000000
226.27416998	0.000000000000
229.56540357	0.000000000000
232.904509255	0.000000000000
236.29218335	0.000000000000
239.7291323	0.000000000000
243.216072824	0.000000000000
246.753732065	0.000000000000
250.342847745	0.000000000000
253.984168315	0.000000000000
257.678453112	0.000000000000
261.426472519	0.000000000000
265.229008123	0.000000000000
269.086852881	0.000000000000
273.000811284	0.000000000000
276.971699522	0.000000000000
281.00034566	0.000000000000
285.087589805	0.000000000000
289.234284285	0.000000000000
293.441293826	0.000000000000
297.709495729	0.000000000000
302.039780058	0.000000000000
306.433049824	0.000000000000
310.890221169	0.000000000000
315.412223565	0.000000000000
320	0.000000000000
324.65450718	0.000000000000
329.376715726	0.000000000000
334.167610377	0.000000000000
339.028190195	0.000000000000
343.959468775	0.000000000000
348.962474453	0.000000000000
354.038250524	0.000000000000
359.187855459	0.000000000000
364.412363122	0.000000000000
369.712862999	0.000000000000
375.090460422	0.000000000000
380.546276801	0.000000000000
386.081449856	0.000000000000
391.697133857	0.000000000000
397.394499864	0.000000000000
403.174735966	0.000000000000
409.039047539	0.000000000000
414.988657488	0.000000000000
421.024806507	0.000000000000
427.148753334	0.000000000000
433.36177502	0.000000000000
439.665167187	0.000000000000
446.060244304	0.000000000000
452.548339959	0.000000000000
459.13080714	0.000000000000
465.80901851	0.000000000000
472.584366701	0.000000000000
479.458264601	0.000000000000
486.432145648	0.000000000000
493.507464131	0.000000000000
500.68569549	0.000000000000
507.96833663	0.000000000000
515.356906224	0.000000000000
522.852945037	0.000000000000
530.458016246	0.000000000000
538.173705762	0.000000000000
546.001622567	0.000000000000
553.943399044	0.000000000000
562.000691319	0.000000000000
570.17517961	0.000000000000
578.46856857	0.000000000000
586.882587651	0.000000000000
595.418991457	0.000000000000
604.079560116	0.000000000000
612.866099647	0.000000000000
621.780442338	0.000000000000
630.82444713	0.000000000000
640	0.000000000000
649.30901436	0.000000000000
658.753431452	0.000000000000
668.335220754	0.000000000000
678.05638039	0.000000000000
687.918937549	0.000000000000
697.924948906	0.000000000000
708.076501049	0.000000000000
718.375710918	0.000000000000
728.824726244	0.000000000000
739.425725998	0.000000000000
750.180920844	0.000000000000
761.092553602	0.000000000000
772.162899712	0.000000000000
783.394267715	0.000000000000
794.788999727	0.000000000000
806.349471933	0.000000000000
818.078095079	0.000000000000
829.977314977	0.000000000000
842.049613014	0.000000000000
854.297506669	0.000000000000
866.72355004	0.000000000000
879.330334373	0.000000000000
892.120488607	0.000000000000
905.096679919	0.000000000000
918.261614279	0.000000000000
931.618037019	0.000000000000
945.168733401	0.000000000000
958.916529201	0.000000000000
972.864291295	0.000000000000
987.014928261	0.000000000000
1001.37139098	-0.000225810296
1015.93667326	-0.029564932261
1030.71381245	-0.105708450203
1045.70589007	-0.223735896294
1060.91603249	-0.377112925867
1076.34741152	-0.558023167321
1092.00324513	-0.757748920440
1107.88679809	-0.967080205404
1124.00138264	-1.176731601855
1140.35035922	-1.377745793907
1156.93713714	-1.561863774220
1173.7651753	-1.721845251508
1190.83798291	-1.851726617719
1208.15912023	-1.947006410683
1225.73219929	-2.004754138079
1243.56088468	-2.023641870092
1261.64889426	-2.004078654159
1280	-1.969909987388
1298.61802872	-1.937433410756
1317.5068629	-1.906880845494
1336.67044151	-1.878478972057
1356.11276078	-1.852447352654
1375.8378751	-1.828996377710
1395.84989781	-1.808324837519
1416.1530021	-1.790618639208
1436.75142184	-1.776048269593
1457.64945249	-1.764767945909
1478.851452	-1.756913841177
1500.36184169	-1.752602984637
1522.1851072	-1.751931908877
1544.32579942	-1.754975546239
1566.78853543	-1.761786717334
1589.57799945	-1.772394908813
1612.69894387	-1.786806956412
1636.15619016	-1.805007345677
1659.95462995	-1.826958085286
1684.09922603	-1.852599393008
1708.59501334	-1.881850577373
1733.44710008	-1.914611202530
1758.66066875	-1.950762524319
1784.24097721	-1.990169199357
1810.19335984	-2.032681242553
1836.52322856	-2.078136205265
1863.23607404	-2.126361535430
1890.3374668	-2.177177080006
1917.8330584	-2.230397720342
1945.72858259	-2.285836147637
1974.02985652	-2.343305754109
2002.74278196	-2.402623459909
2031.87334652	-2.463612404724
2061.4276249	-2.526104492668
2091.41178015	-2.589942830074
2121.83206498	-2.654984002501
2152.69482305	-2.721100110300
2184.00649027	-2.788180515594
2215.77359618	-2.856133254576
2248.00276528	-2.924886083543
2280.70071844	-2.994387157206
2313.87427428	-3.064605340746
2347.5303506	-3.135530110809
2381.67596583	-3.207171003703
2416.31824047	-3.279556610516
2451.46439859	-3.352733204112
2487.12176935	-3.426764109726
2523.29778852	-3.501726099641
2560	-3.577707530544
2597.23605744	-3.654802629788
2635.01372581	-3.733114514360
2673.34088301	-3.812748095788
2712.22552156	-3.893809221450
2751.6757502	-3.976401512745
2791.69979562	-4.060623937946
2832.3060042	-4.146565615997
2873.50284367	-4.234304467242
2915.29890498	-4.323905813075
2957.70290399	-4.415419578153
3000.72368338	-4.508875129851
3044.37021441	-4.604284177903
3088.65159885	-4.701640242626
3133.57707086	-4.800914663228
3179.15599891	-4.902056600195
3225.39788773	-5.004993091763
3272.31238031	-5.109627893913
3319.90925991	-5.215843533904
3368.19845205	-5.323498407456
3417.19002668	-5.432429564461
3466.89420016	-5.542462819828
3517.32133749	-5.653396340066
3568.48195443	-5.765012632922
3620.38671968	-5.877074286123
3673.04645712	-5.989326872794
3726.47214808	-6.101499284235
3780.67493361	-6.213304063463
3835.6661168	-6.324437731787
3891.45716518	-6.434578151269
3948.05971304	-6.543388336141
4005.48556392	-6.650513450598
4063.74669304	-6.755579297840
4122.85524979	-6.858191928801
4182.8235603	-6.957936334001
4243.66412997	-7.054377351602
4305.3896461	-7.147058290886
4368.01298054	-7.235498290687
4431.54719235	-7.319193994182
4496.00553056	-7.397620367188
4561.40143688	-7.470229744679
4627.74854856	-7.536453191183
4695.06070121	-7.595705422083
4763.35193166	-7.647390997315
4832.63648093	-7.690899810500
4902.92879718	-7.725615501234
4974.24353871	-7.750921866044
5046.59557704	-7.766209635065
5120	-7.770883953498
5194.47211488	-7.764372676531
5270.02745161	-7.746135758347
5346.68176603	-7.715674398521
5424.45104312	-7.672540890666
5503.35150039	-7.616348507711
5583.39959125	-7.546781216500
5664.61200839	-7.463602948284
5747.00568734	-7.366665703138
5830.59780995	-7.255917495485
5915.40580799	-7.131409619859
6001.44736675	-6.993301069191
6088.74042881	-6.841861567866
6177.3031977	-6.677473603936
6267.15414172	-6.500632116027
6358.31199782	-6.311942058815
6450.79577546	-6.112114160743
6544.62476063	-5.901958381875
6639.81851981	-5.682375301902
6736.39690411	-5.454346234279
6834.38005335	-5.218921903542
6933.78840032	-4.977207367554
7034.64267499	-4.730347540202
7136.96390886	-4.479512431119
7240.77343935	-4.225880330563
7346.09291423	-3.970621461765
7452.94429615	-3.714882605594
7561.34986721	-3.459771688438
7671.33223361	-3.206342539143
7782.91433036	-2.955581663830
7896.11942609	-2.708396375041
8010.97112785	-2.465605156758
8127.49338608	-2.227928902774
8245.71049958	-1.995985348062
8365.64712059	-1.770285401155
8487.32825993	-1.551231825531
8610.7792922	-1.339120221670
8736.02596108	-1.134141921118
8863.0943847	-0.936389131272
8992.01106111	-0.745862206137
9122.80287376	-0.562477473397
9255.49709713	-0.386077688120
9390.12140242	-0.216441943308
9526.70386332	-0.053297457638
9665.27296186	0.103668818489
9805.85759435	0.254798130174
9948.48707741	0.400448256228
10093.1911541	0.540980168716
10240	0.664844072995
10388.9442298	0.753104981410
10540.0549032	0.796968256099
10693.3635321	0.792161167379
10848.9020862	0.739488577644
11006.7030008	0.644920725878
11166.7991825	0.519205043404
11329.2240168	0.377030108526
11494.0113747	0.235805175253
11661.1956199	0.114150831093
11830.811616	0.030222809864
12002.8947335	0.000000000000
12177.4808576	0.000000000000
12354.6063954	0.000000000000
12534.3082834	0.000000000000
12716.6239956	0.000000000000
12901.5915509	0.000000000000
13089.2495213	0.000000000000
13279.6370396	0.000000000000
13472.7938082	0.000000000000
13668.7601067	0.000000000000
13867.5768006	0.000000000000
14069.28535	0.000000000000
14273.9278177	0.000000000000
14481.5468787	0.000000000000
14692.1858285	0.000000000000
14905.8885923	0.000000000000
15122.6997344	0.000000000000
15342.6644672	0.000000000000
15565.8286607	0.000000000000
15792.2388522	0.000000000000
16021.9422557	0.000000000000
16254.9867722	0.000000000000
16491.4209992	0.000000000000
16731.2942412	0.000000000000
16974.6565199	0.000000000000
17221.5585844	0.000000000000
17472.0519222	0.000000000000
17726.1887694	0.000000000000
17984.0221222	0.000000000000
18245.6057475	0.000000000000
18510.9941943	0.000000000000
18780.2428048	0.000000000000
19053.4077266	0.000000000000
19330.5459237	0.000000000000
19611.7151887	0.000000000000
19896.9741548	0.000000000000
20186.3823082	0.000000000000
