20	1.673321412526
20.2909066988	1.658858262223
20.5860447329	1.644400428329
20.8854756485	1.629953103642
21.1892618872	1.615519117877
21.4974667984	1.601097332802
21.8101546533	1.586681844651
22.1273906578	1.572261436161
22.4492409662	1.557819701141
22.7757726951	1.543335850489
23.1070539374	1.528785654191
23.4431537764	1.514142396006
23.7841423001	1.499377999865
24.130090616	1.484464769513
24.4810708661	1.469377204052
24.8371562415	1.454093069460
25.1984209979	1.438593322769
25.5649404712	1.422861886716
25.936791093	1.406885428710
26.3140504067	1.390652732945
26.6967970834	1.374154096694
27.0851109387	1.357380899150
27.4790729492	1.340325349240
27.878765269	1.322980417841
28.2842712475	1.305339959098
28.6956754462	1.287399024783
29.1130636568	1.269154232055
29.5365229188	1.250603757744
29.9661415375	1.231747385855
30.402009103	1.212586749495
30.8442165082	1.193125764628
31.2928559682	1.173371107017
31.7480210394	1.153332292332
32.209806639	1.133021635447
32.6783090648	1.112453784931
33.1536260154	1.091645249900
33.6358566101	1.070613900076
34.1251014105	1.049377980620
34.6214624402	1.027955055677
35.1250432075	1.006361003821
35.6359487256	0.984609043322
36.1542855356	0.962708914173
36.6801617282	0.940666494140
37.2136869661	0.918483093262
37.7549725073	0.896155305338
38.3041312279	0.873675409513
38.8612776461	0.851031421379
39.4265279456	0.828207389200
40	0.805183333602
40.5818133975	0.781935741140
41.1720894657	0.758438469180
41.7709512971	0.734662702609
42.3785237744	0.710577190491
42.9949335968	0.686148623046
43.6203093066	0.661342166285
44.2547813156	0.636122481032
44.8984819324	0.610454314205
45.5515453903	0.584302987640
46.2141078749	0.557634955363
46.8863075528	0.530418286278
47.5682846001	0.502622768534
48.260181232	0.474220436140
48.9621417322	0.445185731570
49.6743124829	0.415495627278
50.3968419958	0.385129706200
51.1298809424	0.354069713973
51.873582186	0.322299060393
52.6281008133	0.289802260508
53.3935941668	0.256563811952
54.1702218775	0.222566985424
54.9581458983	0.187792847240
55.757530538	0.152220006297
56.5685424949	0.115824581930
57.3913508924	0.078580219978
58.2261273137	0.040457980985
59.0730458376	0.001425926544
59.9322830751	-0.038550231136
60.804018206	-0.079506780392
61.6884330163	-0.121481786737
62.5857119363	-0.164514817342
63.4960420787	-0.208646604110
64.419613278	-0.253918633804
65.3566181296	-0.300372651472
66.3072520307	-0.348050061382
67.2717132203	-0.396991389025
68.2502028209	-0.447236148626
69.2429248805	-0.498822012257
70.2500864149	-0.551783617956
71.2718974512	-0.606151360558
72.3085710713	-0.661950703492
73.3603234564	-0.719201254529
74.4273739322	-0.777915025313
75.5099450145	-0.838094794572
76.6082624559	-0.899732191893
77.7225552923	-0.962807805198
78.8530558912	-1.027292583228
80	-1.093149796933
81.163626795	-1.160336418706
82.3441789315	-1.228804725567
83.5419025942	-1.298503362832
84.7570475487	-1.369378688926
85.9898671937	-1.441375421902
87.2406186132	-1.514437007255
88.5095626311	-1.588505925157
89.7969638648	-1.663523951577
91.1030907805	-1.739432383050
92.4282157498	-1.816172229782
93.7726151055	-1.893684376381
95.1365692002	-1.971909488345
96.520362464	-2.050787219517
97.9242834644	-2.130255771664
99.3486249659	-2.210250918725
100.793683992	-2.290705565947
102.259761885	-2.371549384521
103.747164372	-2.452708277395
105.256201627	-2.534103878453
106.787188334	-2.615653750533
108.340443755	-2.697271592010
109.916291797	-2.778867211552
111.515061076	-2.860346497150
113.13708499	-2.941612089406
114.782701785	-3.022564309493
116.452254627	-3.103102603889
118.146091675	-3.183126328708
119.86456615	-3.262536113825
121.608036412	-3.341235356216
123.376866033	-3.419131635362
125.171423873	-3.496138087591
126.992084157	-3.572174777858
128.839226556	-3.647170107229
130.713236259	-3.721062029820
132.614504061	-3.793798053548
134.543426441	-3.865334017466
136.500405642	-3.935632697428
138.485849761	-4.004662514977
140.50017283	-4.072396086010
142.543794902	-4.138808066501
144.617142143	-4.203873956893
146.720646913	-4.267569055860
148.854747864	-4.329867031943
151.019890029	-4.390740426202
153.216524912	-4.450160855254
155.445110585	-4.508099257419
157.706111782	-4.564526535449
160	-4.619414674953
162.32725359	-4.672738426863
164.688357863	-4.724477339143
167.083805188	-4.774617299478
169.514095097	-4.823152273694
171.979734387	-4.870085678973
174.481237226	-4.915431752191
177.019125262	-4.959215336241
179.59392773	-5.001471697775
182.206181561	-5.042246047390
184.8564315	-5.081593070172
187.545230211	-5.119574396866
190.2731384	-5.156255283379
193.040724928	-5.191702476582
195.848566929	-5.225980422261
198.697249932	-5.259147473007
201.587367983	-5.291252737171
204.51952377	-5.322333533080
207.494328744	-5.352413430386
210.512403253	-5.381500506361
213.574376667	-5.409585092101
216.68088751	-5.436639336809
219.832583593	-5.462617962285
223.030122152	-5.487460393009
226.27416998	-5.511094867924
229.56540357	-5.533441197788
232.904509255	-5.554414406656
236.29218335	-5.573929528391
239.7291323	-5.591905373164
243.216072824	-5.608268761650
246.753732065	-5.622956507886
250.342847745	-5.635918358746
253.984168315	-5.647119372488
257.678453112	-5.656542352352
261.426472519	-5.664189117523
265.229008123	-5.670080672955
269.086852881	-5.674257193914
273.000811284	-5.676775931891
276.971699522	-5.677710228283
281.00034566	-5.677146652801
285.087589805	-5.675183463464
289.234284285	-5.671928221406
293.441293826	-5.667495294186
297.709495729	-5.662003978351
302.039780058	-5.655577975437
306.433049824	-5.648342776758
310.890221169	-5.640422675986
315.412223565	-5.631940795908
320	-5.623019683840
324.65450718	-5.613784352397
329.376715726	-5.604364069189
334.167610377	-5.594892469673
339.028190195	-5.585509569388
343.959468775	-5.576364110366
348.962474453	-5.567615183452
354.038250524	-5.559432571976
359.187855459	-5.551995819689
364.412363122	-5.545493863684
369.712862999	-5.540124574262
375.090460422	-5.536092207454
380.546276801	-5.533605864606
386.081449856	-5.532877530470
391.697133857	-5.534120197278
397.394499864	-5.537543143660
403.174735966	-5.543344094029
409.039047539	-5.551702211457
414.988657488	-5.562770398929
421.024806507	-5.576668326640
427.148753334	-5.593477053752
433.36177502	-5.613236293120
439.665167187	-5.635940253073
446.060244304	-5.661536543058
452.548339959	-5.689929905279
459.13080714	-5.720989631525
465.80901851	-5.754555579828
472.584366701	-5.790445079112
479.458264601	-5.828462421531
486.432145648	-5.868410261430
493.507464131	-5.910098801009
500.68569549	-5.953356367529
507.96833663	-5.998034288174
515.356906224	-6.044008630612
522.852945037	-6.091182262484
530.458016246	-6.139483196495
538.173705762	-6.188863494892
546.001622567	-6.239294233524
553.943399044	-6.290758669113
562.000691319	-6.343244717799
570.17517961	-6.396736833407
578.46856857	-6.451208431209
586.882587651	-6.506617128356
595.418991457	-6.562897668219
604.079560116	-6.619957182520
612.866099647	-6.677668823909
621.780442338	-6.735870164979
630.82444713	-6.794365132496
640	-6.852927215785
649.30901436	-6.911299406857
658.753431452	-6.969201095350
668.335220754	-7.026334053367
678.05638039	-7.082389676304
687.918937549	-7.137055920674
697.924948906	-7.190023711265
708.076501049	-7.240991262183
718.375710918	-7.289670135799
728.824726244	-7.335787181735
739.425725998	-7.379087566396
750.180920844	-7.419339811668
761.092553602	-7.456336288948
772.162899712	-7.489897154299
783.394267715	-7.519870439205
794.788999727	-7.546128287452
806.349471933	-7.568565435047
818.078095079	-7.587096347499
829.977314977	-7.601652073211
842.049613014	-7.612181059666
854.297506669	-7.618644374775
866.72355004	-7.621009208673
879.330334373	-7.619244646323
892.120488607	-7.613325774955
905.096679919	-7.603239310383
918.261614279	-7.588983442452
931.618037019	-7.570567666907
945.168733401	-7.548014601802
958.916529201	-7.521361692167
972.864291295	-7.490656251287
987.014928261	-7.455951610011
1001.37139098	-7.417184962875
1015.93667326	-7.362528008874
1030.71381245	-7.282905996883
1045.70589007	-7.181008359799
1060.91603249	-7.059524530521
1076.34741152	-6.921143941949
1092.00324513	-6.768556026979
1107.88679809	-6.604450218512
1124.00138264	-6.431515949445
1140.35035922	-6.252442652677
1156.93713714	-6.069919761108
1173.7651753	-5.886636707634
1190.83798291	-5.705282925155
1208.15912023	-5.528547846570
1225.73219929	-5.359120904776
1243.56088468	-5.199691532673
1261.64889426	-5.052949163160
1280	-4.918486991387
1298.61802872	-4.784643615000
1317.5068629	-4.651819747483
1336.67044151	-4.520375051534
1356.11276078	-4.390625164153
1375.8378751	-4.262837833308
1395.84989781	-4.137229607095
1416.1530021	-4.013969957099
1436.75142184	-3.893174609198
1457.64945249	-3.774910793714
1478.851452	-3.659205176369
1500.36184169	-3.546039247854
1522.1851072	-3.435335072833
1544.32579942	-3.326955154899
1566.78853543	-3.220717356795
1589.57799945	-3.116400674680
1612.69894387	-3.013742341049
1636.15619016	-2.912454705164
1659.95462995	-2.812240587404
1684.09922603	-2.712791063097
1708.59501334	-2.613791127301
1733.44710008	-2.514918407904
1758.66066875	-2.415848297380
1784.24097721	-2.316262926235
1810.19335984	-2.215852831820
1836.52322856	-2.114313408524
1863.23607404	-2.011349227387
1890.3374668	-1.906695354560
1917.8330584	-1.800108543904
1945.72858259	-1.691350168241
1974.02985652	-1.580180517030
2002.74278196	-1.466357077651
2031.87334652	-1.349657820048
2061.4276249	-1.229890152685
2091.41178015	-1.106897711426
2121.83206498	-0.980565328932
2152.69482305	-0.850844242414
2184.00649027	-0.717791276106
2215.77359618	-0.581589734449
2248.00276528	-0.442564818547
2280.70071844	-0.301195798493
2313.87427428	-0.158097606885
2347.5303506	-0.014025543325
2381.67596583	0.130119436631
2416.31824047	0.273310699150
2451.46439859	0.414406821003
2487.12176935	0.552163976878
2523.29778852	0.685261160326
2560	0.812338449885
2597.23605744	0.932037294556
2635.01372581	1.043005769269
2673.34088301	1.143920840596
2712.22552156	1.233494041763
2751.6757502	1.310488616674
2791.69979562	1.373760224773
2832.3060042	1.422261253006
2873.50284367	1.455067095537
2915.29890498	1.471421984040
2957.70290399	1.470776479273
3000.72368338	1.452789235139
3044.37021441	1.417331834877
3088.65159885	1.364483894683
3133.57707086	1.294551406826
3179.15599891	1.208038856132
3225.39788773	1.105624090773
3272.31238031	0.988096662416
3319.90925991	0.856308288312
3368.19845205	0.711120553422
3417.19002668	0.553398175052
3466.89420016	0.383952811701
3517.32133749	0.203585278588
3568.48195443	0.013053011935
3620.38671968	-0.186982153013
3673.04645712	-0.395947047867
3726.47214808	-0.613265735371
3780.67493361	-0.838280261622
3835.6661168	-1.070148842959
3891.45716518	-1.307820282822
3948.05971304	-1.550097151894
4005.48556392	-1.795638984130
4063.74669304	-2.042972499885
4122.85524979	-2.290495664723
4182.8235603	-2.536505692876
4243.66412997	-2.779250117614
4305.3896461	-3.017011064557
4368.01298054	-3.248176222343
4431.54719235	-3.471293356919
4496.00553056	-3.685101513061
4561.40143688	-3.888559666180
4627.74854856	-4.080870576619
4695.06070121	-4.261416755399
4763.35193166	-4.429762412103
4832.63648093	-4.585622111823
4902.92879718	-4.728747820847
4974.24353871	-4.858836558360
5046.59557704	-4.975548006835
5120	-5.078447305473
5194.47211488	-5.167041356621
5270.02745161	-5.240840297204
5346.68176603	-5.299422219949
5424.45104312	-5.342513765495
5503.35150039	-5.370041495346
5583.39959125	-5.382033541238
5664.61200839	-5.378593562368
5747.00568734	-5.359945750000
5830.59780995	-5.326447938444
5915.40580799	-5.278490467444
6001.44736675	-5.216428366865
6088.74042881	-5.140713166970
6177.3031977	-5.051764100868
6267.15414172	-4.949943067191
6358.31199782	-4.835683817417
6450.79577546	-4.709594022075
6544.62476063	-4.572631431598
6639.81851981	-4.426190026563
6736.39690411	-4.272142491490
6834.38005335	-4.112753044293
6933.78840032	-3.950625102453
7034.64267499	-3.788653083914
7136.96390886	-3.630050256397
7240.77343935	-3.478408717656
7346.09291423	-3.337544928028
7452.94429615	-3.211490681368
7561.34986721	-3.104649007032
7671.33223361	-3.021618107113
7782.91433036	-2.967063407663
7896.11942609	-2.945743630736
8010.97112785	-2.962190846918
8127.49338608	-3.020278225094
8245.71049958	-3.122832324277
8365.64712059	-3.271206011544
8487.32825993	-3.464799835200
8610.7792922	-3.700754748013
8736.02596108	-3.973291109582
8863.0943847	-4.273274814428
8992.01106111	-4.587912201426
9122.80287376	-4.901006343994
9255.49709713	-5.193852501638
9390.12140242	-5.446890206189
9526.70386332	-5.642348324995
9665.27296186	-5.767402666401
9805.85759435	-5.816787427425
9948.48707741	-5.794191030148
10093.1911541	-5.711958718362
10240	-5.715932776002
10388.9442298	-5.943194470764
10540.0549032	-6.395960811708
10693.3635321	-7.056767230013
10848.9020862	-7.889567850692
11006.7030008	-8.842853062302
11166.7991825	-9.854160560243
11329.2240168	-10.855490425362
11494.0113747	-11.778761852680
11661.1956199	-12.561130989774
11830.811616	-13.149551113859
12002.8947335	-13.504571399058
12177.4808576	-13.744594102148
12354.6063954	-13.991075035917
12534.3082834	-14.233765677599
12716.6239956	-14.462415764401
12901.5915509	-14.669224535771
13089.2495213	-14.849137549696
13279.6370396	-14.997988827319
13472.7938082	-15.113672217612
13668.7601067	-15.198664346825
13867.5768006	-15.259326770959
14069.28535	-15.303611533010
14273.9278177	-15.338069676506
14481.5468787	-15.366307280279
14692.1858285	-15.388031573530
14905.8885923	-15.399631842495
15122.6997344	-15.394961626797
15342.6644672	-15.367511400762
15565.8286607	-15.311870193117
15792.2388522	-15.224686226544
16021.9422557	-15.105730613748
16254.9867722	-14.958153659152
16491.4209992	-14.787907963069
16731.2942412	-14.602602540346
16974.6565199	-14.410968302557
17221.5585844	-14.221343328048
17472.0519222	-14.041923762063
17726.1887694	-13.879917846680
17984.0221222	-13.741704917658
18245.6057475	-13.632586516078
18510.9941943	-13.556732126403
18780.2428048	-13.517514947239
19053.4077266	-13.520109207484
19330.5459237	-13.575969962123
19611.7151887	-13.704398806937
19896.9741548	-13.914450955870
20186.3823082	-14.177912798512
