20	0.540073741919
20.2909066988	0.530024600405
20.5860447329	0.519981201550
20.8854756485	0.509949410571
21.1892618872	0.499932978507
21.4974667984	0.489931885339
21.8101546533	0.479941497916
22.1273906578	0.469951984638
22.4492409662	0.459948409311
22.7757726951	0.449911512546
23.1070539374	0.439818634677
23.4431537764	0.429644656284
23.7841423001	0.419363114780
24.130090616	0.408947938035
24.4810708661	0.398375257136
24.8371562415	0.387624477878
25.1984209979	0.376678207218
25.5649404712	0.365522032077
25.936791093	0.354144303995
26.3140504067	0.342535518125
26.6967970834	0.330687717354
27.0851109387	0.318594069661
27.4790729492	0.306248624968
27.878765269	0.293646256740
28.2842712475	0.280782792916
28.6956754462	0.267655340031
29.1130636568	0.254262660780
29.5365229188	0.240605178154
29.9661415375	0.226685032762
30.402009103	0.212506334561
30.8442165082	0.198075606392
31.2928559682	0.183402270671
31.7480210394	0.168498739258
32.209806639	0.153380382520
32.6783090648	0.138065073623
33.1536260154	0.122572725257
33.6358566101	0.106924799646
34.1251014105	0.091143333429
34.6214624402	0.075249891387
35.1250432075	0.059264572194
35.6359487256	0.043205044131
36.1542855356	0.027085737702
36.6801617282	0.010917472413
37.2136869661	-0.005293237893
37.7549725073	-0.021544322615
38.3041312279	-0.037837741809
38.8612776461	-0.054179424082
39.4265279456	-0.070578959398
40	-0.087049648530
40.5818133975	-0.103607998821
41.1720894657	-0.120272808926
41.7709512971	-0.137065202098
42.3785237744	-0.154008380060
42.9949335968	-0.171127237197
43.6203093066	-0.188447817897
44.2547813156	-0.205996290480
44.8984819324	-0.223798350023
45.5515453903	-0.241878725006
46.2141078749	-0.260260617074
46.8863075528	-0.278965217204
47.5682846001	-0.298011602234
48.260181232	-0.317416211461
48.9621417322	-0.337192689838
49.6743124829	-0.357351775124
50.3968419958	-0.377901229209
51.1298809424	-0.398846301175
51.873582186	-0.420190244880
52.6281008133	-0.441934900950
53.3935941668	-0.464081846883
54.1702218775	-0.486633638633
54.9581458983	-0.509594825016
55.757530538	-0.532972242841
56.5685424949	-0.556775096511
57.3913508924	-0.581014994952
58.2261273137	-0.605706122096
59.0730458376	-0.630865714999
59.9322830751	-0.656513484554
60.804018206	-0.682671342719
61.6884330163	-0.709363260925
62.5857119363	-0.736615081846
63.4960420787	-0.764454275040
64.419613278	-0.792909624553
65.3566181296	-0.822010834307
66.3072520307	-0.851788034932
67.2717132203	-0.882271354961
68.2502028209	-0.913490900086
69.2429248805	-0.945476035724
70.2500864149	-0.978254309340
71.2718974512	-1.011850355227
72.3085710713	-1.046285318829
73.3603234564	-1.081576042438
74.4273739322	-1.117733430788
75.5099450145	-1.154760915149
76.6082624559	-1.192652631452
77.7225552923	-1.231393614199
78.8530558912	-1.270961276099
80	-1.311327435996
81.163626795	-1.352459752709
82.3441789315	-1.394323369693
83.5419025942	-1.436882005888
84.7570475487	-1.480099312429
85.9898671937	-1.523939514893
87.2406186132	-1.568367759952
88.5095626311	-1.613350384044
89.7969638648	-1.658855118168
91.1030907805	-1.704851238482
92.4282157498	-1.751309667452
93.7726151055	-1.798203025214
95.1365692002	-1.845505409835
96.520362464	-1.893191462474
97.9242834644	-1.941235769663
99.3486249659	-1.989611716479
100.793683992	-2.038290862292
102.259761885	-2.087242381353
103.747164372	-2.136432325698
105.256201627	-2.185822914518
106.787188334	-2.235372517531
108.340443755	-2.285035644223
109.916291797	-2.334762700771
111.515061076	-2.384499742957
113.13708499	-2.434188937244
114.782701785	-2.483769282593
116.452254627	-2.533177857149
118.146091675	-2.582350414587
119.86456615	-2.631222572095
121.608036412	-2.679731141045
123.376866033	-2.727815394612
125.171423873	-2.775418310459
126.992084157	-2.822487827938
128.839226556	-2.868978158824
130.713236259	-2.914850925842
132.614504061	-2.960075103571
134.543426441	-3.004625754512
136.500405642	-3.048482611823
138.485849761	-3.091628783154
140.50017283	-3.134049311472
142.543794902	-3.175729049288
144.617142143	-3.216651506865
146.720646913	-3.256797863937
148.854747864	-3.296145612141
151.019890029	-3.334669139922
153.216524912	-3.372340027809
155.445110585	-3.409127395299
157.706111782	-3.444998651319
160	-3.479920725850
162.32725359	-3.513861869620
164.688357863	-3.546793805630
167.083805188	-3.578693392914
169.514095097	-3.609544486019
171.979734387	-3.639339428111
174.481237226	-3.668080536989
177.019125262	-3.695780005907
179.59392773	-3.722459831859
182.206181561	-3.748151441619
184.8564315	-3.772895322894
187.545230211	-3.796738590388
190.2731384	-3.819731754154
193.040724928	-3.841926667939
195.848566929	-3.863372813250
198.697249932	-3.884113576867
201.587367983	-3.904183162980
204.51952377	-3.923604104224
207.494328744	-3.942385353673
210.512403253	-3.960520585817
213.574376667	-3.977985981737
216.68088751	-3.994739826957
219.832583593	-4.010723294426
223.030122152	-4.025862598331
226.27416998	-4.040073125227
229.56540357	-4.053262206690
232.904509255	-4.065332772414
236.29218335	-4.076188154988
239.7291323	-4.085735861669
243.216072824	-4.093891811167
246.753732065	-4.100582316715
250.342847745	-4.105747023688
253.984168315	-4.109341284472
257.678453112	-4.111338586837
261.426472519	-4.111731818345
265.229008123	-4.110533428513
269.086852881	-4.107775404770
273.000811284	-4.103507169042
276.971699522	-4.097794581510
281.00034566	-4.090717068649
285.087589805	-4.082366072513
289.234284285	-4.072842654623
293.441293826	-4.062254988213
297.709495729	-4.050716469690
302.039780058	-4.038345183548
306.433049824	-4.025261276150
310.890221169	-4.011583957427
315.412223565	-3.997431516928
320	-3.982921908733
324.65450718	-3.968175781944
329.376715726	-3.953318260375
334.167610377	-3.938479045654
339.028190195	-3.923794420004
343.959468775	-3.909409583494
348.962474453	-3.895480267499
354.038250524	-3.882173069821
359.187855459	-3.869664514383
364.412363122	-3.858140676210
369.712862999	-3.847796713671
375.090460422	-3.838834313668
380.546276801	-3.831460144195
386.081449856	-3.825883885689
391.697133857	-3.822316348657
397.394499864	-3.820964746422
403.174735966	-3.822024848609
409.039047539	-3.825673968385
414.988657488	-3.832063258338
421.024806507	-3.841310732643
427.148753334	-3.853495883933
433.36177502	-3.868656943361
439.665167187	-3.886786717947
446.060244304	-3.907831492007
452.548339959	-3.931694754768
459.13080714	-3.958244613389
465.80901851	-3.987319805979
472.584366701	-4.018736602811
479.458264601	-4.052298295382
486.432145648	-4.087806592271
493.507464131	-4.125070801850
500.68569549	-4.163918406702
507.96833663	-4.204199935819
515.356906224	-4.245790702662
522.852945037	-4.288592862257
530.458016246	-4.332533754034
538.173705762	-4.377564804158
546.001622567	-4.423656487571
553.943399044	-4.470791493337
562.000691319	-4.518957201372
570.17517961	-4.568137558990
578.46856857	-4.618305503038
586.882587651	-4.669418198782
595.418991457	-4.721409962798
604.079560116	-4.774187523717
612.866099647	-4.827623653493
621.780442338	-4.881555565194
630.82444713	-4.935786846056
640	-4.990090664769
649.30901436	-5.044209710554
658.753431452	-5.097863087126
668.335220754	-5.150752296590
678.05638039	-5.202568479390
687.918937549	-5.252999351301
697.924948906	-5.301735609796
708.076501049	-5.348475254344
718.375710918	-5.392929644653
728.824726244	-5.434825438996
739.425725998	-5.473907623105
750.180920844	-5.509944548281
761.092553602	-5.542728424862
772.162899712	-5.572079256849
783.394267715	-5.597844932156
794.788999727	-5.619897459022
806.349471933	-5.638131445480
818.078095079	-5.652461236220
829.977314977	-5.662817765574
842.049613014	-5.669149373339
854.297506669	-5.671417025752
866.72355004	-5.669587816965
879.330334373	-5.663630741323
892.120488607	-5.653520800507
905.096679919	-5.639244629569
918.261614279	-5.620800342104
931.618037019	-5.598197361877
945.168733401	-5.571458238989
958.916529201	-5.540620354317
972.864291295	-5.505730960582
987.014928261	-5.466843331459
1001.37139098	-5.423994751144
1015.93667326	-5.373591890168
1030.71381245	-5.311864102191
1045.70589007	-5.237500417886
1060.91603249	-5.149871033347
1076.34741152	-5.049205279668
1092.00324513	-4.936696646039
1107.88679809	-4.814525574783
1124.00138264	-4.685783867815
1140.35035922	-4.554304726161
1156.93713714	-4.424387296902
1173.7651753	-4.300453759935
1190.83798291	-4.186585443208
1208.15912023	-4.076640489209
1225.73219929	-3.964995700581
1243.56088468	-3.851994428387
1261.64889426	-3.737958558562
1280	-3.623182252369
1298.61802872	-3.507931932810
1317.5068629	-3.392445993490
1336.67044151	-3.276924944341
1356.11276078	-3.161529689575
1375.8378751	-3.046379904129
1395.84989781	-2.931551620433
1416.1530021	-2.817083630714
1436.75142184	-2.702970776616
1457.64945249	-2.589173350496
1478.851452	-2.475625027616
1500.36184169	-2.362229832751
1522.1851072	-2.248849802509
1544.32579942	-2.135305150151
1566.78853543	-2.021390414451
1589.57799945	-1.906880304112
1612.69894387	-1.791528551254
1636.15619016	-1.675082583914
1659.95462995	-1.557301755264
1684.09922603	-1.437953848520
1708.59501334	-1.316817520021
1733.44710008	-1.193685374040
1758.66066875	-1.068368996846
1784.24097721	-0.940698834142
1810.19335984	-0.810530534911
1836.52322856	-0.677737053756
1863.23607404	-0.542212478920
1890.3374668	-0.403887859478
1917.8330584	-0.262723056059
1945.72858259	-0.118688219102
1974.02985652	0.028251920548
2002.74278196	0.178131158357
2031.87334652	0.330970428177
2061.4276249	0.486768934567
2091.41178015	0.645499921917
2121.83206498	0.807108765510
2152.69482305	0.971490064536
2184.00649027	1.138450173740
2215.77359618	1.307688894997
2248.00276528	1.478788236946
2280.70071844	1.651200046055
2313.87427428	1.824263950440
2347.5303506	1.997201803359
2381.67596583	2.169114429796
2416.31824047	2.339003082656
2451.46439859	2.505776593859
2487.12176935	2.668268195552
2523.29778852	2.825256310342
2560	2.975497207175
2597.23605744	3.117755259175
2635.01372581	3.250821812237
2673.34088301	3.373530208275
2712.22552156	3.484753505281
2751.6757502	3.583417182598
2791.69979562	3.668541235386
2832.3060042	3.739243546695
2873.50284367	3.794754146413
2915.29890498	3.834452844922
2957.70290399	3.857911112746
3000.72368338	3.864901495531
3044.37021441	3.855390152288
3088.65159885	3.829525927692
3133.57707086	3.787657921114
3179.15599891	3.730309360980
3225.39788773	3.658150756809
3272.31238031	3.571936521429
3319.90925991	3.472454230579
3368.19845205	3.360482711851
3417.19002668	3.236781125365
3466.89420016	3.102040227980
3517.32133749	2.956907251028
3568.48195443	2.801945324151
3620.38671968	2.637625161033
3673.04645712	2.464307810047
3726.47214808	2.282351049052
3780.67493361	2.092184816382
3835.6661168	1.894414863703
3891.45716518	1.689849717978
3948.05971304	1.479436924989
4005.48556392	1.264267796260
4063.74669304	1.045558494593
4122.85524979	0.824660415354
4182.8235603	0.603030083690
4243.66412997	0.382175408112
4305.3896461	0.163564306521
4368.01298054	-0.051449481426
4431.54719235	-0.261661043672
4496.00553056	-0.466051816299
4561.40143688	-0.663824002855
4627.74854856	-0.854427238478
4695.06070121	-1.037487545342
4763.35193166	-1.212818059379
4832.63648093	-1.380376831472
4902.92879718	-1.540157629654
4974.24353871	-1.692094686880
5046.59557704	-1.836077898588
5120	-1.971893313258
5194.47211488	-2.099255219636
5270.02745161	-2.217864068100
5346.68176603	-2.327466851553
5424.45104312	-2.427932736530
5503.35150039	-2.519298916286
5583.39959125	-2.601667579926
5664.61200839	-2.675174320012
5747.00568734	-2.740028149325
5830.59780995	-2.796519908211
5915.40580799	-2.844917738574
6001.44736675	-2.885395678409
6088.74042881	-2.918162856256
6177.3031977	-2.943332913189
6267.15414172	-2.960899042944
6358.31199782	-2.970864550949
6450.79577546	-2.973346852196
6544.62476063	-2.968756601770
6639.81851981	-2.957889183127
6736.39690411	-2.941973297555
6834.38005335	-2.922591792690
6933.78840032	-2.901636669641
7034.64267499	-2.881270672887
7136.96390886	-2.863963703582
7240.77343935	-2.852567995341
7346.09291423	-2.850168301053
7452.94429615	-2.860083898588
7561.34986721	-2.886034896016
7671.33223361	-2.931979044104
7782.91433036	-3.001991712294
7896.11942609	-3.100298254623
8010.97112785	-3.230960958870
8127.49338608	-3.397452390924
8245.71049958	-3.602272190990
8365.64712059	-3.846522608960
8487.32825993	-4.129430983027
8610.7792922	-4.448042066379
8736.02596108	-4.796555472779
8863.0943847	-5.165887980900
8992.01106111	-5.543364687109
9122.80287376	-5.912969034247
9255.49709713	-6.256233159441
9390.12140242	-6.553880179345
9526.70386332	-6.788463257002
9665.27296186	-6.947514883678
9805.85759435	-7.026149649697
9948.48707741	-7.028452902149
10093.1911541	-6.967156493011
10240	-6.919244401023
10388.9442298	-6.960800142714
10540.0549032	-7.106688477667
10693.3635321	-7.360692276766
10848.9020862	-7.715057128255
11006.7030008	-8.151570198754
11166.7991825	-8.643701355584
11329.2240168	-9.159498563525
11494.0113747	-9.664546017587
11661.1956199	-10.124967370911
11830.811616	-10.510016322563
12002.8947335	-10.794352480436
12177.4808576	-11.030208515152
12354.6063954	-11.272522780617
12534.3082834	-11.511046754063
12716.6239956	-11.735530172693
12901.5915509	-11.938172275953
13089.2495213	-12.113918621827
13279.6370396	-12.258603231455
13472.7938082	-12.370119953809
13668.7601067	-12.450945415134
13867.5768006	-12.507441171431
14069.28535	-12.547559265693
14273.9278177	-12.577850741445
14481.5468787	-12.601921677521
14692.1858285	-12.619479303116
14905.8885923	-12.626912904467
15122.6997344	-12.618076021194
15342.6644672	-12.586459127624
15565.8286607	-12.526651252480
15792.2388522	-12.435300618444
16021.9422557	-12.312178338219
16254.9867722	-12.160434716228
16491.4209992	-11.986022352782
16731.2942412	-11.796550262728
16974.6565199	-11.600749357638
17221.5585844	-11.406957715857
17472.0519222	-11.223371482629
17726.1887694	-11.057198900032
17984.0221222	-10.914819303823
18245.6057475	-10.801534235083
18510.9941943	-10.721513178273
18780.2428048	-10.678129332001
19053.4077266	-10.676556925163
19330.5459237	-10.728251012744
19611.7151887	-10.852513190525
19896.9741548	-11.058398672450
20186.3823082	-11.317693848101
