20	67.533607000000
20.2909066988	67.533607000000
20.5860447329	67.533607000000
20.8854756485	67.547762983504
21.1892618872	67.575321989839
21.4974667984	67.571975002173
21.8101546533	67.563680009131
22.1273906578	67.555266009012
22.4492409662	67.546728000891
22.7757726951	67.538067008028
23.1070539374	67.531125001301
23.4431537764	67.526011003378
23.7841423001	67.520822995401
24.130090616	67.515559005801
24.4810708661	67.510219002023
24.8371562415	67.504800996300
25.1984209979	67.499305000032
25.5649404712	67.493727992763
25.936791093	67.488057998362
26.3140504067	67.481460992838
26.6967970834	67.474768998531
27.0851109387	67.467979001064
27.4790729492	67.461090000883
27.878765269	67.454100995262
28.2842712475	67.447009994659
28.6956754462	67.438194987731
29.1130636568	67.426801009300
29.5365229188	67.415242002201
29.9661415375	67.403514012534
30.402009103	67.390898996808
30.8442165082	67.377293015024
31.2928559682	67.363490000973
31.7480210394	67.349442998758
32.209806639	67.334973011231
32.6783090648	67.320291997940
33.1536260154	67.305295999463
33.6358566101	67.288574013421
34.1251014105	67.271608984275
34.6214624402	67.252729980684
35.1250432075	67.230793989786
35.6359487256	67.205823013315
36.1542855356	67.174376027970
36.6801617282	67.146446014333
37.2136869661	67.118887001739
37.7549725073	67.091452024795
38.3041312279	67.061797987333
38.8612776461	67.031059019383
39.4265279456	67.006745002323
40	66.981483000000
40.5818133975	66.954031974712
41.1720894657	66.916750960717
41.7709512971	66.866603976900
42.3785237744	66.819703017292
42.9949335968	66.775735028551
43.6203093066	66.724415973226
44.2547813156	66.669411973885
44.8984819324	66.616523005516
45.5515453903	66.570879967403
46.2141078749	66.515939010300
46.8863075528	66.451830042347
47.5682846001	66.393675033855
48.260181232	66.328319978000
48.9621417322	66.262241025029
49.6743124829	66.204136957286
50.3968419958	66.140693000367
51.1298809424	66.069440005557
51.873582186	65.984252981805
52.6281008133	65.910992017993
53.3935941668	65.837705980867
54.1702218775	65.749264013853
54.9581458983	65.675960009391
55.757530538	65.587530050745
56.5685424949	65.481718947160
57.3913508924	65.394505011319
58.2261273137	65.284599950509
59.0730458376	65.151942025258
59.9322830751	65.041998992094
60.804018206	64.950852982814
61.6884330163	64.877585998220
62.5857119363	64.780395006849
63.4960420787	64.670430990564
64.419613278	64.560532960360
65.3566181296	64.427873988020
66.3072520307	64.340662997202
67.2717132203	64.253450969915
68.2502028209	64.120787024107
69.2429248805	63.988121015856
70.2500864149	63.855472945744
71.2718974512	63.722824951807
72.3085710713	63.612901990943
73.3603234564	63.480239942848
74.4273739322	63.347576008372
75.5099450145	63.214014998434
76.6082624559	63.096515958191
77.7225552923	62.995061965455
78.8530558912	62.862413012673
80	62.707029000000
81.163626795	62.569220024103
82.3441789315	62.464454006037
83.5419025942	62.331798044623
84.7570475487	62.182339055104
85.9898671937	62.053381981353
87.2406186132	61.933818036708
88.5095626311	61.846605025171
89.7969638648	61.713939013837
91.1030907805	61.582977021847
92.4282157498	61.454024024175
93.7726151055	61.315986993204
95.1365692002	61.228786983066
96.520362464	61.112593957912
97.9242834644	60.986178963908
99.3486249659	60.876275002614
100.793683992	60.764711000645
102.259761885	60.676282006896
103.747164372	60.569197972700
105.256201627	60.459274026998
106.787188334	60.349319977822
108.340443755	60.246804016057
109.916291797	60.173484009393
111.515061076	60.087713995706
113.13708499	59.996626000566
114.782701785	59.893029013445
116.452254627	59.804582019598
118.146091675	59.738921012502
119.86456615	59.673157992330
121.608036412	59.584728979257
123.376866033	59.496299998658
125.171423873	59.423035005163
126.992084157	59.369078995632
128.839226556	59.318209012141
130.713236259	59.263202990011
132.614504061	59.190485997648
134.543426441	59.117178987470
136.500405642	59.061928010040
138.485849761	59.025253004383
140.50017283	58.988476003084
142.543794902	58.944508002084
144.617142143	58.889837996491
146.720646913	58.838448002116
148.854747864	58.794471002775
151.019890029	58.750493999414
153.216524912	58.706515001754
155.445110585	58.665638007565
157.706111782	58.638211002620
160	58.613683000000
162.32725359	58.591697003845
164.688357863	58.567125001416
167.083805188	58.539586998445
169.514095097	58.519676999270
171.979734387	58.501335997268
174.481237226	58.483819998601
177.019125262	58.468254998380
179.59392773	58.452464001647
182.206181561	58.438803002279
184.8564315	58.427988997947
187.545230211	58.417017999132
190.2731384	58.405886998607
193.040724928	58.396331000247
195.848566929	58.390645000143
198.697249932	58.384877000137
201.587367983	58.379025000034
204.51952377	58.373087000463
207.494328744	58.367063000514
210.512403253	58.360951999483
213.574376667	58.354752000669
216.68088751	58.356186999775
219.832583593	58.361742999288
223.030122152	58.367380000270
226.27416998	58.373097999964
229.56540357	58.378899999247
232.904509255	58.384786000452
236.29218335	58.390758000622
239.7291323	58.396817000631
243.216072824	58.404095999635
246.753732065	58.411768000143
250.342847745	58.419549999452
253.984168315	58.427447000688
257.678453112	58.435457000246
261.426472519	58.443634998957
265.229008123	58.456336000413
269.086852881	58.469221999606
273.000811284	58.482295000993
276.971699522	58.496090998351
281.00034566	58.510630998781
285.087589805	58.525381999301
289.234284285	58.540503001064
293.441293826	58.556081999358
297.709495729	58.571887999003
302.039780058	58.590757000293
306.433049824	58.612731999124
310.890221169	58.632529000633
315.412223565	58.649340998394
320	58.666397000000
324.65450718	58.684268000704
329.376715726	58.702589998944
334.167610377	58.721983001710
339.028190195	58.743884000880
343.959468775	58.765972998998
348.962474453	58.787853001963
354.038250524	58.809698997968
359.187855459	58.829541001781
364.412363122	58.849671000550
369.712862999	58.873362999996
375.090460422	58.897943001892
380.546276801	58.922220999120
386.081449856	58.947179999356
391.697133857	58.974586999310
397.394499864	59.010073999156
403.174735966	59.050739999765
409.039047539	59.084344997379
414.988657488	59.106228001830
421.024806507	59.128683998178
427.148753334	59.153011001515
433.36177502	59.180955000117
439.665167187	59.217961001288
446.060244304	59.261791001145
452.548339959	59.286070999849
459.13080714	59.310607000512
465.80901851	59.334935998226
472.584366701	59.362940998772
479.458264601	59.400492997833
486.432145648	59.451390997447
493.507464131	59.488087000670
500.68569549	59.524670003407
507.96833663	59.574892997466
515.356906224	59.628299001101
522.852945037	59.664924000129
530.458016246	59.691143000789
538.173705762	59.715717999249
546.001622567	59.746918998288
553.943399044	59.785095000242
562.000691319	59.829068001595
570.17517961	59.869584998080
578.46856857	59.906262998113
586.882587651	59.942963998489
595.418991457	59.979546001948
604.079560116	60.016158000489
612.866099647	60.052800998539
621.780442338	60.089474001383
630.82444713	60.126177000521
640	60.162772000000
649.30901436	60.213891001238
658.753431452	60.246132001261
668.335220754	60.272680999322
678.05638039	60.294661000920
687.918937549	60.317759998952
697.924948906	60.342193999772
708.076501049	60.373783000155
718.375710918	60.406215999744
728.824726244	60.430615000517
739.425725998	60.452886999996
750.180920844	60.472829999713
761.092553602	60.494508999214
772.162899712	60.521944999292
783.394267715	60.558638999076
794.788999727	60.593943999160
806.349471933	60.621503999841
818.078095079	60.648891000184
829.977314977	60.676447999946
842.049613014	60.703886000031
854.297506669	60.731352999263
866.72355004	60.758929000113
879.330334373	60.794683001438
892.120488607	60.843606998509
905.096679919	60.878680999782
918.261614279	60.907352000514
931.618037019	60.931768000040
945.168733401	60.959927000986
958.916529201	60.993462000798
972.864291295	61.048394001156
987.014928261	61.103350001007
1001.37139098	61.158329999928
1015.93667326	61.204722000924
1030.71381245	61.256928001703
1045.70589007	61.313571000361
1060.91603249	61.386847002351
1076.34741152	61.460123997760
1092.00324513	61.515466000520
1107.88679809	61.576433000470
1124.00138264	61.662062998095
1140.35035922	61.749262001031
1156.93713714	61.826558000613
1173.7651753	61.899346000979
1190.83798291	61.954270999728
1208.15912023	62.029924001163
1225.73219929	62.117122001827
1243.56088468	62.227046998021
1261.64889426	62.314259001224
1280	62.400209000000
1298.61802872	62.488688998679
1317.5068629	62.598586999444
1336.67044151	62.708532997193
1356.11276078	62.799392998979
1375.8378751	62.872657000371
1395.84989781	62.947430999301
1416.1530021	63.080097000525
1436.75142184	63.189996999132
1457.64945249	63.299944001753
1478.851452	63.375444999988
1500.36184169	63.474342998579
1522.1851072	63.606996001228
1544.32579942	63.739651002526
1566.78853543	63.872308001657
1589.57799945	63.959515002175
1612.69894387	64.069454999365
1636.15619016	64.224837000884
1659.95462995	64.357500999742
1684.09922603	64.512863000123
1708.59501334	64.622822002126
1733.44710008	64.778178000564
1758.66066875	64.956287998221
1784.24097721	65.098652001404
1810.19335984	65.267063998954
1836.52322856	65.402034997751
1863.23607404	65.621899000247
1890.3374668	65.796301998739
1917.8330584	66.016160002533
1945.72858259	66.190569997461
1974.02985652	66.410434996315
2002.74278196	66.630303999711
2031.87334652	66.850170996398
2061.4276249	67.070023999225
2091.41178015	67.289881001306
2121.83206498	67.555191999855
2152.69482305	67.775057000351
2184.00649027	67.994924001876
2215.77359618	68.214794001458
2248.00276528	68.480098001882
2280.70071844	68.699954002933
2313.87427428	68.919814001851
2347.5303506	69.139677997432
2381.67596583	69.359544998911
2416.31824047	69.556391002026
2451.46439859	69.708368998233
2487.12176935	69.912608001752
2523.29778852	70.090718997649
2560	70.246097000000
2597.23605744	70.356046001557
2635.01372581	70.488710999329
2673.34088301	70.618487000042
2712.22552156	70.731269998733
2751.6757502	70.829453000300
2791.69979562	70.889932999435
2832.3060042	70.945764000238
2873.50284367	70.995538999607
2915.29890498	71.013776999990
2957.70290399	71.032279999997
3000.72368338	71.016173999840
3044.37021441	70.997798999672
3088.65159885	70.962382000120
3133.57707086	70.895672000206
3179.15599891	70.807825000176
3225.39788773	70.733991000426
3272.31238031	70.656161999268
3319.90925991	70.546230000214
3368.19845205	70.430112999834
3417.19002668	70.280924000981
3466.89420016	70.125511999508
3517.32133749	69.970158998135
3568.48195443	69.777920998546
3620.38671968	69.603510001083
3673.04645712	69.390372999702
3726.47214808	69.254677999753
3780.67493361	69.080261001261
3835.6661168	68.860408000776
3891.45716518	68.640550999471
3948.05971304	68.477121999855
4005.48556392	68.291728000243
4063.74669304	68.117309999855
4122.85524979	67.897440000775
4182.8235603	67.719228999160
4243.66412997	67.548632000093
4305.3896461	67.340305999703
4368.01298054	67.154359001361
4431.54719235	66.979941999291
4496.00553056	66.850973000882
4561.40143688	66.676569000321
4627.74854856	66.517952001038
4695.06070121	66.339840999593
4763.35193166	66.207179000657
4832.63648093	66.074515000132
4902.92879718	65.940857999671
4974.24353871	65.809198000538
5046.59557704	65.659286999962
5120	65.585989000000
5194.47211488	65.479419000170
5270.02745161	65.369498000556
5346.68176603	65.259539999967
5424.45104312	65.171617999898
5503.35150039	65.104991999679
5583.39959125	65.040211999776
5664.61200839	64.966950999709
5747.00568734	64.905981999725
5830.59780995	64.839667000036
5915.40580799	64.789113000008
6001.44736675	64.745138000124
6088.74042881	64.705338000084
6177.3031977	64.673881000106
6267.15414172	64.664751000028
6358.31199782	64.658483000013
6450.79577546	64.652123999968
6544.62476063	64.645672000025
6639.81851981	64.639127000013
6736.39690411	64.632485999992
6834.38005335	64.625748999978
6933.78840032	64.619478999980
7034.64267499	64.613213000001
7136.96390886	64.606857000009
7240.77343935	64.600407999978
7346.09291423	64.593864999985
7452.94429615	64.587226999990
7561.34986721	64.580491999939
7671.33223361	64.549091000111
7782.91433036	64.490853999763
7896.11942609	64.417606999922
8010.97112785	64.317670000131
8127.49338608	64.225565999928
8245.71049958	64.116214000385
8365.64712059	63.942404000583
8487.32825993	63.767389000096
8610.7792922	63.592982999722
8736.02596108	63.418574999867
8863.0943847	63.198712000510
8992.01106111	62.978845999773
9122.80287376	62.714687000486
9255.49709713	62.539116999794
9390.12140242	62.319261999325
9526.70386332	62.099402999491
9665.27296186	61.879541000219
9805.85759435	61.659674999451
9948.48707741	61.439805999237
10093.1911541	61.174493999885
10240	60.954638999999
10388.9442298	60.734781000351
10540.0549032	60.469468999668
10693.3635321	60.249602999903
10848.9020862	59.986550999730
11006.7030008	59.809870000235
11166.7991825	59.590015999328
11329.2240168	59.370159000293
11494.0113747	59.150297000413
11661.1956199	58.930433000119
11830.811616	58.710564000035
12002.8947335	58.512578000560
12177.4808576	58.316294000415
12354.6063954	58.179075999603
12534.3082834	58.000975999605
12716.6239956	57.838515000325
12901.5915509	57.664097000071
13089.2495213	57.549892999828
13279.6370396	57.424907000243
13472.7938082	57.277221999843
13668.7601067	57.136861000212
13867.5768006	56.981473000284
14069.28535	56.894259000012
14273.9278177	56.761364000182
14481.5468787	56.606244000222
14692.1858285	56.458005999693
14905.8885923	56.318197999833
15122.6997344	56.200084999672
15342.6644672	56.030146999825
15565.8286607	55.852031000216
15792.2388522	55.696679999896
16021.9422557	55.564022000174
16254.9867722	55.385910999877
16491.4209992	55.199067999882
16731.2942412	55.024652999828
16974.6565199	54.806117000119
17221.5585844	54.675824999649
17472.0519222	54.455969999867
17726.1887694	54.236110999651
17984.0221222	54.016248999850
18245.6057475	53.841834000321
18510.9941943	53.576513999751
18780.2428048	53.311201000164
19053.4077266	53.091347000290
19330.5459237	53.034875000056
19611.7151887	53.034875000000
19896.9741548	53.034875000000
20186.3823082	53.034875000000
