20	68.377660138244
20.2909066988	68.396681043816
20.5860447329	68.415699322231
20.8854756485	68.434695383843
21.1892618872	68.453631735340
21.4974667984	68.472456371794
21.8101546533	68.491106626369
22.1273906578	68.509513546432
22.4492409662	68.527606877574
22.7757726951	68.545319437425
23.1070539374	68.562586998764
23.4431537764	68.579347528526
23.7841423001	68.595541235891
24.130090616	68.611111537912
24.4810708661	68.626007022590
24.8371562415	68.640184484674
25.1984209979	68.653612459108
25.5649404712	68.666271990223
25.936791093	68.678152415745
26.3140504067	68.689246873455
26.6967970834	68.699548905211
27.0851109387	68.709050172282
27.4790729492	68.717739297990
27.878765269	68.725601854943
28.2842712475	68.732621977887
28.6956754462	68.738787023792
29.1130636568	68.744093989875
29.5365229188	68.748557237658
29.9661415375	68.752217526945
30.402009103	68.755146027329
30.8442165082	68.757419065965
31.2928559682	68.759078687202
31.7480210394	68.760136948757
32.209806639	68.760595180991
32.6783090648	68.760463456442
33.1536260154	68.759765674309
33.6358566101	68.758507525380
34.1251014105	68.756653276178
34.6214624402	68.754140521324
35.1250432075	68.750904800628
35.6359487256	68.746902970422
36.1542855356	68.742123650024
36.6801617282	68.736579921047
37.2136869661	68.730298710898
37.7549725073	68.723310847065
38.3041312279	68.715642098588
38.8612776461	68.707307124618
39.4265279456	68.698308010457
40	68.688634401623
40.5818133975	68.678264354590
41.1720894657	68.667165922593
41.7709512971	68.655299512378
42.3785237744	68.642621060302
42.9949335968	68.629085771059
43.6203093066	68.614650799498
44.2547813156	68.599275644512
44.8984819324	68.582922763149
45.5515453903	68.565559184535
46.2141078749	68.547158191385
46.8863075528	68.527697181854
47.5682846001	68.507151797746
48.260181232	68.485490558951
48.9621417322	68.462672739286
49.6743124829	68.438648932386
50.3968419958	68.413362625796
51.1298809424	68.386750647419
51.873582186	68.358742212106
52.6281008133	68.329258951308
53.3935941668	68.298217241593
54.1702218775	68.265531768057
54.9581458983	68.231116964056
55.757530538	68.194885603651
56.5685424949	68.156753412024
57.3913508924	68.116652206584
58.2261273137	68.074541205714
59.0730458376	68.030397897425
59.9322830751	67.984203814482
60.804018206	67.935937789946
61.6884330163	67.885580421353
62.5857119363	67.833121897809
63.4960420787	67.778563379074
64.419613278	67.721903154345
65.3566181296	67.663127919464
66.3072520307	67.602193105129
67.2717132203	67.539044066718
68.2502028209	67.473634011554
69.2429248805	67.405918344409
70.2500864149	67.335842025315
71.2718974512	67.263323446564
72.3085710713	67.188284198435
73.3603234564	67.110688433696
74.4273739322	67.030524106132
75.5099450145	66.947786899209
76.6082624559	66.862471375886
77.7225552923	66.774599551644
78.8530558912	66.684242407240
80	66.591475880030
81.163626795	66.496363652838
82.3441789315	66.398962372996
83.5419025942	66.299312501758
84.7570475487	66.197488389827
85.9898671937	66.093587929577
87.2406186132	65.987721042237
88.5095626311	65.880007568278
89.7969638648	65.770588943200
91.1030907805	65.659650797091
92.4282157498	65.547394714952
93.7726151055	65.433996827857
95.1365692002	65.319601501481
96.520362464	65.204341949185
97.9242834644	65.088380014442
99.3486249659	64.971857763182
100.793683992	64.854897194961
102.259761885	64.737611825768
103.747164372	64.620099990366
105.256201627	64.502476724338
106.787188334	64.384862942210
108.340443755	64.267375979043
109.916291797	64.150124258325
111.515061076	64.033246045936
113.13708499	63.916942588270
114.782701785	63.801417186734
116.452254627	63.686858945512
118.146091675	63.573408179601
119.86456615	63.461171072021
121.608036412	63.350275015220
123.376866033	63.240855316944
125.171423873	63.133056275144
126.992084157	63.027031510584
128.839226556	62.922925970018
130.713236259	62.820886013137
132.614504061	62.721011836952
134.543426441	62.623338342854
136.500405642	62.527849867188
138.485849761	62.434552348308
140.50017283	62.343525362749
142.543794902	62.254861948909
144.617142143	62.168621904788
146.720646913	62.084812415783
148.854747864	62.003434063021
151.019890029	61.924515906592
153.216524912	61.848074402399
155.445110585	61.774116283445
157.706111782	61.702656362405
160	61.633742325695
162.32725359	61.567474199247
164.688357863	61.503986402514
167.083805188	61.443417619108
169.514095097	61.385881230409
171.979734387	61.331430292686
174.481237226	61.280107735914
177.019125262	61.231995234802
179.59392773	61.187188801853
182.206181561	61.145771240076
184.8564315	61.107771465929
187.545230211	61.073170038884
190.2731384	61.041926269308
193.040724928	61.013986779556
195.848566929	60.989265797775
198.697249932	60.967645668463
201.587367983	60.948994313290
204.51952377	60.933177441745
207.494328744	60.920064020748
210.512403253	60.909535733766
213.574376667	60.901493720267
216.68088751	60.895857194426
219.832583593	60.892553150157
223.030122152	60.891497087290
226.27416998	60.892572869195
229.56540357	60.895639526323
232.904509255	60.900550760124
236.29218335	60.907171142696
239.7291323	60.915386461339
243.216072824	60.925108469927
246.753732065	60.936274251834
250.342847745	60.948840317589
253.984168315	60.962772067871
257.678453112	60.978034705848
261.426472519	60.994596942948
265.229008123	61.012434687026
269.086852881	61.031530544716
273.000811284	61.051869337981
276.971699522	61.073430340759
281.00034566	61.096175430819
285.087589805	61.120034568304
289.234284285	61.144904351648
293.441293826	61.170683770668
297.709495729	61.197297525429
302.039780058	61.224675434522
306.433049824	61.252718962059
310.890221169	61.281277081400
315.412223565	61.310173615546
320	61.339253215918
324.65450718	61.368396290982
329.376715726	61.397520728822
334.167610377	61.426561865204
339.028190195	61.455445481490
343.959468775	61.484077900836
348.962474453	61.512391036820
354.038250524	61.540359817979
359.187855459	61.567965274942
364.412363122	61.595147535694
369.712862999	61.621779952884
375.090460422	61.647717256314
380.546276801	61.672832683041
386.081449856	61.696993775063
391.697133857	61.720028134077
397.394499864	61.741713617630
403.174735966	61.761847640157
409.039047539	61.780316327276
414.988657488	61.797079845530
421.024806507	61.812145176792
427.148753334	61.825550260899
433.36177502	61.837356634562
439.665167187	61.847635744283
446.060244304	61.856444307573
452.548339959	61.863805451253
459.13080714	61.869700319149
465.80901851	61.874070538263
472.584366701	61.876832233857
479.458264601	61.877902595114
486.432145648	61.877240220245
493.507464131	61.874883765093
500.68569549	61.870934769632
507.96833663	61.865519753507
515.356906224	61.858758774706
522.852945037	61.850743885685
530.458016246	61.841527035316
538.173705762	61.831117156183
546.001622567	61.819486468994
553.943399044	61.806583278665
562.000691319	61.792339419783
570.17517961	61.776672751969
578.46856857	61.759497337543
586.882587651	61.740745486568
595.418991457	61.720395024516
604.079560116	61.698466475028
612.866099647	61.674976740736
621.780442338	61.649900328719
630.82444713	61.623179547809
640	61.594763871941
649.30901436	61.564642382589
658.753431452	61.532785189143
668.335220754	61.499065580800
678.05638039	61.463321390985
687.918937549	61.425459647802
697.924948906	61.385496157314
708.076501049	61.343444474741
718.375710918	61.299268430468
728.824726244	61.252933220054
739.425725998	61.204555945805
750.180920844	61.154499340296
761.092553602	61.103224273545
772.162899712	61.051185671787
783.394267715	60.998716384062
794.788999727	60.946202396973
806.349471933	60.894267715814
818.078095079	60.843574189244
829.977314977	60.794744418681
842.049613014	60.748353851318
854.297506669	60.705033156623
866.72355004	60.665639630654
879.330334373	60.631185521081
892.120488607	60.602567933250
905.096679919	60.580514549195
918.261614279	60.565690132509
931.618037019	60.558812854158
945.168733401	60.560665510688
958.916529201	60.571962019201
972.864291295	60.593163228804
987.014928261	60.624589698389
1001.37139098	60.666528540622
1015.93667326	60.719168835730
1030.71381245	60.782364299374
1045.70589007	60.855469194578
1060.91603249	60.937686466552
1076.34741152	61.028345420703
1092.00324513	61.126777463187
1107.88679809	61.232025031894
1124.00138264	61.342857008675
1140.35035922	61.457907103677
1156.93713714	61.576080305604
1173.7651753	61.696468397205
1190.83798291	61.818205887341
1208.15912023	61.940675210357
1225.73219929	62.063398539616
1243.56088468	62.186102971024
1261.64889426	62.308180743503
1280	62.428773492913
1298.61802872	62.547095765060
1317.5068629	62.662781959303
1336.67044151	62.775604131375
1356.11276078	62.884890463063
1375.8378751	62.989715787326
1395.84989781	63.089644770720
1416.1530021	63.184953188800
1436.75142184	63.276568352118
1457.64945249	63.365465173547
1478.851452	63.452303656267
1500.36184169	63.537656746841
1522.1851072	63.622112186451
1544.32579942	63.707134160974
1566.78853543	63.793999470449
1589.57799945	63.882866097934
1612.69894387	63.973791621164
1636.15619016	64.067509105530
1659.95462995	64.165478335883
1684.09922603	64.268752051385
1708.59501334	64.377185019556
1733.44710008	64.491111194466
1758.66066875	64.611715491960
1784.24097721	64.740545011958
1810.19335984	64.878311636484
1836.52322856	65.024369924777
1863.23607404	65.178340981561
1890.3374668	65.341167960852
1917.8330584	65.514505025576
1945.72858259	65.698767028422
1974.02985652	65.893150923951
2002.74278196	66.096849456675
2031.87334652	66.309736761596
2061.4276249	66.531323371026
2091.41178015	66.759616839487
2121.83206498	66.992611237960
2152.69482305	67.228413307683
2184.00649027	67.464718917352
2215.77359618	67.698350516079
2248.00276528	67.927388194968
2280.70071844	68.151266967012
2313.87427428	68.368204583288
2347.5303506	68.576710684648
2381.67596583	68.776366631828
2416.31824047	68.968365328239
2451.46439859	69.151795951536
2487.12176935	69.323914553659
2523.29778852	69.482213059580
2560	69.625603213300
2597.23605744	69.753033125215
2635.01372581	69.863512194554
2673.34088301	69.956852463151
2712.22552156	70.033552659874
2751.6757502	70.094489508089
2791.69979562	70.140503375445
2832.3060042	70.172361312284
2873.50284367	70.190567020253
2915.29890498	70.194633097098
2957.70290399	70.183375557090
3000.72368338	70.155906798033
3044.37021441	70.111103880884
3088.65159885	70.047950886506
3133.57707086	69.966398090573
3179.15599891	69.866365151000
3225.39788773	69.747736224381
3272.31238031	69.612630272980
3319.90925991	69.464421473473
3368.19845205	69.304003792635
3417.19002668	69.129430102035
3466.89420016	68.939219042444
3517.32133749	68.734096235520
3568.48195443	68.515056439425
3620.38671968	68.282920193387
3673.04645712	68.041292386838
3726.47214808	67.796164117760
3780.67493361	67.550627144663
3835.6661168	67.302436189087
3891.45716518	67.053143907135
3948.05971304	66.807475319063
4005.48556392	66.568056299033
4063.74669304	66.333675273053
4122.85524979	66.108441093762
4182.8235603	65.897111473947
4243.66412997	65.697739165788
4305.3896461	65.507999475233
4368.01298054	65.330216586742
4431.54719235	65.164764069225
4496.00553056	65.008008654178
4561.40143688	64.856435179237
4627.74854856	64.710878025787
4695.06070121	64.571610996996
4763.35193166	64.436767682309
4832.63648093	64.301761990860
4902.92879718	64.162332245026
4974.24353871	64.021048219289
5046.59557704	63.881366319799
5120	63.744189346059
5194.47211488	63.603842689040
5270.02745161	63.457517115389
5346.68176603	63.307586668258
5424.45104312	63.159825223915
5503.35150039	63.015167389596
5583.39959125	62.871801092522
5664.61200839	62.733427323615
5747.00568734	62.603946144857
5830.59780995	62.484451266286
5915.40580799	62.372449491895
6001.44736675	62.269936430271
6088.74042881	62.183708720244
6177.3031977	62.118075138051
6267.15414172	62.075354273854
6358.31199782	62.050559487154
6450.79577546	62.038098988477
6544.62476063	62.035883697938
6639.81851981	62.043312098953
6736.39690411	62.058205458666
6834.38005335	62.079227473490
6933.78840032	62.106756459785
7034.64267499	62.140216725852
7136.96390886	62.174454848034
7240.77343935	62.202400881152
7346.09291423	62.216216291811
7452.94429615	62.208162473221
7561.34986721	62.174548558317
7671.33223361	62.110222589579
7782.91433036	62.009213388170
7896.11942609	61.868849897586
8010.97112785	61.686799289873
8127.49338608	61.455125380807
8245.71049958	61.183576156901
8365.64712059	60.879845942245
8487.32825993	60.541728116266
8610.7792922	60.169389738009
8736.02596108	59.766575127398
8863.0943847	59.346728849189
8992.01106111	58.921359756747
9122.80287376	58.494283818265
9255.49709713	58.062798415009
9390.12140242	57.622062785292
9526.70386332	57.175339355620
9665.27296186	56.740442367859
9805.85759435	56.322361063437
9948.48707741	55.920704258021
10093.1911541	55.521631152754
10240	55.108050800757
10388.9442298	54.666937166905
10540.0549032	54.185906194311
10693.3635321	53.665932180080
10848.9020862	53.121172475986
11006.7030008	52.591961183322
11166.7991825	52.122463773466
11329.2240168	51.745691835336
11494.0113747	51.492394270538
11661.1956199	51.374236291455
11830.811616	51.378957752221
12002.8947335	51.502900120559
12177.4808576	51.740457720127
12354.6063954	52.070450646788
12534.3082834	52.436516948841
12716.6239956	52.805508992353
12901.5915509	53.165508907082
13089.2495213	53.499926746627
13279.6370396	53.784559989061
13472.7938082	54.020115675633
13668.7601067	54.221388155621
13867.5768006	54.376371096173
14069.28535	54.469370431178
14273.9278177	54.529499946532
14481.5468787	54.580689365080
14692.1858285	54.627692232309
14905.8885923	54.663897388044
15122.6997344	54.686980677652
15342.6644672	54.704207004450
15565.8286607	54.716500689943
15792.2388522	54.714170400689
16021.9422557	54.691479049577
16254.9867722	54.659847127451
16491.4209992	54.617060114877
16731.2942412	54.533400931051
16974.6565199	54.384230569652
17221.5585844	54.195633196560
17472.0519222	53.977992711893
17726.1887694	53.696896448327
17984.0221222	53.339261433001
18245.6057475	52.988528887743
18510.9941943	52.659619317789
18780.2428048	52.304020771847
19053.4077266	52.017646284503
19330.5459237	51.948551549701
19611.7151887	51.995330075692
19896.9741548	52.025882751533
20186.3823082	52.030676486570
