20	0.000000000000
20.2909066988	0.000000000000
20.5860447329	0.000000000000
20.8854756485	0.000000000000
21.1892618872	0.000000000000
21.4974667984	0.000000000000
21.8101546533	0.000000000000
22.1273906578	0.000000000000
22.4492409662	0.000000000000
22.7757726951	0.000000000000
23.1070539374	0.000000000000
23.4431537764	0.000000000000
23.7841423001	0.000000000000
24.130090616	0.000000000000
24.4810708661	0.000000000000
24.8371562415	0.000000000000
25.1984209979	0.000000000000
25.5649404712	0.000000000000
25.936791093	0.000000000000
26.3140504067	0.000000000000
26.6967970834	0.000000000000
27.0851109387	0.000000000000
27.4790729492	0.000000000000
27.878765269	0.000000000000
28.2842712475	0.000000000000
28.6956754462	0.000000000000
29.1130636568	0.000000000000
29.5365229188	0.000000000000
29.9661415375	0.000000000000
30.402009103	0.000000000000
30.8442165082	0.000000000000
31.2928559682	0.000000000000
31.7480210394	0.000000000000
32.209806639	0.000000000000
32.6783090648	0.000000000000
33.1536260154	0.000000000000
33.6358566101	0.000000000000
34.1251014105	0.000000000000
34.6214624402	0.000000000000
35.1250432075	0.000000000000
35.6359487256	0.000000000000
36.1542855356	0.000000000000
36.6801617282	0.000000000000
37.2136869661	0.000000000000
37.7549725073	0.000000000000
38.3041312279	0.000000000000
38.8612776461	0.000000000000
39.4265279456	0.000000000000
40	0.000000000000
40.5818133975	0.000000000000
41.1720894657	0.000000000000
41.7709512971	0.000000000000
42.3785237744	0.000000000000
42.9949335968	0.000000000000
43.6203093066	0.000000000000
44.2547813156	0.000000000000
44.8984819324	0.000000000000
45.5515453903	0.000000000000
46.2141078749	0.000000000000
46.8863075528	0.000000000000
47.5682846001	0.000000000000
48.260181232	0.000000000000
48.9621417322	0.000000000000
49.6743124829	0.000000000000
50.3968419958	0.000000000000
51.1298809424	0.000000000000
51.873582186	0.000000000000
52.6281008133	0.000000000000
53.3935941668	0.000000000000
54.1702218775	0.000000000000
54.9581458983	0.000000000000
55.757530538	0.000000000000
56.5685424949	0.000000000000
57.3913508924	0.000000000000
58.2261273137	0.000000000000
59.0730458376	0.000000000000
59.9322830751	0.000000000000
60.804018206	0.000000000000
61.6884330163	0.000000000000
62.5857119363	0.000000000000
63.4960420787	0.000000000000
64.419613278	0.000000000000
65.3566181296	0.000000000000
66.3072520307	0.000000000000
67.2717132203	0.000000000000
68.2502028209	0.000000000000
69.2429248805	0.000000000000
70.2500864149	0.000000000000
71.2718974512	0.000000000000
72.3085710713	0.000000000000
73.3603234564	0.000000000000
74.4273739322	0.000000000000
75.5099450145	0.000000000000
76.6082624559	0.000000000000
77.7225552923	0.000000000000
78.8530558912	0.000000000000
80	0.000000000000
81.163626795	0.000000000000
82.3441789315	0.000000000000
83.5419025942	0.000000000000
84.7570475487	0.000000000000
85.9898671937	0.000000000000
87.2406186132	0.000000000000
88.5095626311	0.000000000000
89.7969638648	0.000000000000
91.1030907805	0.000000000000
92.4282157498	0.000000000000
93.7726151055	0.000000000000
95.1365692002	0.000000000000
96.520362464	0.000000000000
97.9242834644	0.000000000000
99.3486249659	0.000000000000
100.793683992	0.000000000000
102.259761885	0.000000000000
103.747164372	0.000000000000
105.256201627	0.000000000000
106.787188334	0.000000000000
108.340443755	0.000000000000
109.916291797	0.000000000000
111.515061076	0.000000000000
113.13708499	0.000000000000
114.782701785	0.000000000000
116.452254627	0.000000000000
118.146091675	0.000000000000
119.86456615	0.000000000000
121.608036412	0.000000000000
123.376866033	0.000000000000
125.171423873	0.000000000000
126.992084157	0.000000000000
128.839226556	0.000000000000
130.713236259	0.000000000000
132.614504061	0.000000000000
134.543426441	0.000000000000
136.500405642	0.000000000000
138.485849761	0.000000000000
140.50017283	0.000000000000
142.543794902	0.000000000000
144.617142143	0.000000000000
146.720646913	0.000000000000
148.854747864	0.000000000000
151.019890029	0.000000000000
153.216524912	0.000000000000
155.445110585	0.000000000000
157.706111782	0.000000000000
160	0.000000000000
162.32725359	0.000000000000
164.688357863	0.000000000000
167.083805188	0.000000000000
169.514095097	0.000000000000
171.979734387	0.000000000000
174.481237226	0.000000000000
177.019125262	0.000000000000
179.59392773	0.000000000000
182.206181561	0.000000000000
184.8564315	0.000000000000
187.545230211	0.000000000000
190.2731384	0.000000000000
193.040724928	0.000000000000
195.848566929	0.000000000000
198.697249932	0.000000000000
201.587367983	0.000000000000
204.51952377	0.000000000000
207.494328744	0.000000000000
210.512403253	0.000000000000
213.574376667	0.000000000000
216.68088751	0.000000000000
219.832583593	0.000000000000
223.030122152	0.000000000000
226.27416998	0.000000000000
229.56540357	0.000000000000
232.904509255	0.000000000000
236.29218335	0.000000000000
239.7291323	0.000000000000
243.216072824	0.000000000000
246.753732065	0.000000000000
250.342847745	0.000000000000
253.984168315	0.000000000000
257.678453112	0.000000000000
261.426472519	0.000000000000
265.229008123	0.000000000000
269.086852881	0.000000000000
273.000811284	0.000000000000
276.971699522	0.000000000000
281.00034566	0.000000000000
285.087589805	0.000000000000
289.234284285	0.000000000000
293.441293826	0.000000000000
297.709495729	0.000000000000
302.039780058	0.000000000000
306.433049824	0.000000000000
310.890221169	0.000000000000
315.412223565	0.000000000000
320	0.000000000000
324.65450718	0.000000000000
329.376715726	0.000000000000
334.167610377	0.000000000000
339.028190195	0.000000000000
343.959468775	0.000000000000
348.962474453	0.000000000000
354.038250524	0.000000000000
359.187855459	0.000000000000
364.412363122	0.000000000000
369.712862999	0.000000000000
375.090460422	0.000000000000
380.546276801	0.000000000000
386.081449856	0.000000000000
391.697133857	0.000000000000
397.394499864	0.000000000000
403.174735966	0.000000000000
409.039047539	0.000000000000
414.988657488	0.000000000000
421.024806507	0.000000000000
427.148753334	0.000000000000
433.36177502	0.000000000000
439.665167187	0.000000000000
446.060244304	0.000000000000
452.548339959	0.000000000000
459.13080714	0.000000000000
465.80901851	0.000000000000
472.584366701	0.000000000000
479.458264601	0.000000000000
486.432145648	0.000000000000
493.507464131	0.000000000000
500.68569549	0.000000000000
507.96833663	0.000000000000
515.356906224	0.000000000000
522.852945037	0.000000000000
530.458016246	0.000000000000
538.173705762	0.000000000000
546.001622567	0.000000000000
553.943399044	0.000000000000
562.000691319	0.000000000000
570.17517961	0.000000000000
578.46856857	0.000000000000
586.882587651	0.000000000000
595.418991457	0.000000000000
604.079560116	0.000000000000
612.866099647	0.000000000000
621.780442338	0.000000000000
630.82444713	0.000000000000
640	0.000000000000
649.30901436	0.000000000000
658.753431452	0.000000000000
668.335220754	0.000000000000
678.05638039	0.000000000000
687.918937549	0.000000000000
697.924948906	0.000000000000
708.076501049	0.000000000000
718.375710918	0.000000000000
728.824726244	0.000000000000
739.425725998	0.000000000000
750.180920844	0.000000000000
761.092553602	0.000000000000
772.162899712	0.000000000000
783.394267715	0.000000000000
794.788999727	0.000000000000
806.349471933	0.000000000000
818.078095079	0.000000000000
829.977314977	0.000000000000
842.049613014	0.000000000000
854.297506669	0.000000000000
866.72355004	0.000000000000
879.330334373	0.000000000000
892.120488607	0.000000000000
905.096679919	0.000000000000
918.261614279	0.000000000000
931.618037019	0.000000000000
945.168733401	0.000000000000
958.916529201	0.000000000000
972.864291295	0.000000000000
987.014928261	0.000000000000
1001.37139098	0.000025158528
1015.93667326	0.003739168583
1030.71381245	0.014993297113
1045.70589007	0.035187626403
1060.91603249	0.065058865857
1076.34741152	0.104502629563
1092.00324513	0.152462590223
1107.88679809	0.206906116817
1124.00138264	0.264903239642
1140.35035922	0.322800191992
1156.93713714	0.376490767235
1173.7651753	0.421760520487
1190.83798291	0.454751548741
1208.15912023	0.481844521990
1225.73219929	0.508899727575
1243.56088468	0.535796950674
1261.64889426	0.562412026175
1280	0.588617789624
1298.61802872	0.614284703769
1317.5068629	0.639281466081
1336.67044151	0.663475588009
1356.11276078	0.686733945966
1375.8378751	0.708923344772
1395.84989781	0.729911564825
1416.1530021	0.749566705555
1436.75142184	0.767759897793
1457.64945249	0.784362833507
1478.851452	0.799249585841
1500.36184169	0.812296490733
1522.1851072	0.823382461983
1544.32579942	0.832389607341
1566.78853543	0.839203650012
1589.57799945	0.843714289401
1612.69894387	0.845815829022
1636.15619016	0.845407649048
1659.95462995	0.842393960495
1684.09922603	0.836685121223
1708.59501334	0.828200954819
1733.44710008	0.816866395238
1758.66066875	0.802612178238
1784.24097721	0.785381179923
1810.19335984	0.765126291385
1836.52322856	0.741811448812
1863.23607404	0.715412666977
1890.3374668	0.685919082236
1917.8330584	0.653333996644
1945.72858259	0.617675911033
1974.02985652	0.578979525923
2002.74278196	0.537296682161
2031.87334652	0.492697210157
2061.4276249	0.445269669362
2091.41178015	0.395121808649
2121.83206498	0.342381471457
2152.69482305	0.287197351325
2184.00649027	0.229738961913
2215.77359618	0.170196256804
2248.00276528	0.108779572961
2280.70071844	0.045718989943
2313.87427428	-0.018735866020
2347.5303506	-0.084318447489
2381.67596583	-0.150744722158
2416.31824047	-0.217715081883
2451.46439859	-0.284915509869
2487.12176935	-0.352018855637
2523.29778852	-0.418686936514
2560	-0.484574973849
2597.23605744	-0.549336802339
2635.01372581	-0.612624551814
2673.34088301	-0.674089265838
2712.22552156	-0.733388394455
2751.6757502	-0.790190300239
2791.69979562	-0.844170738239
2832.3060042	-0.895017910640
2873.50284367	-0.942440092969
2915.29890498	-0.986177617192
2957.70290399	-1.025994170014
3000.72368338	-1.061673582310
3044.37021441	-1.093030362506
3088.65159885	-1.119915885498
3133.57707086	-1.142219498049
3179.15599891	-1.159866881370
3225.39788773	-1.172822070405
3272.31238031	-1.181088738619
3319.90925991	-1.184709428699
3368.19845205	-1.183759523483
3417.19002668	-1.178347552519
3466.89420016	-1.168625026882
3517.32133749	-1.154775604193
3568.48195443	-1.137036145112
3620.38671968	-1.115651199348
3673.04645712	-1.090898039330
3726.47214808	-1.063066896746
3780.67493361	-1.032460678998
3835.6661168	-0.999395311785
3891.45716518	-0.964191876089
3948.05971304	-0.927179002333
4005.48556392	-0.888677926984
4063.74669304	-0.849005647376
4122.85524979	-0.808455883021
4182.8235603	-0.767299530525
4243.66412997	-0.725789921338
4305.3896461	-0.684152180493
4368.01298054	-0.642590017860
4431.54719235	-0.601261049931
4496.00553056	-0.560283887516
4561.40143688	-0.519740357750
4627.74854856	-0.479675525940
4695.06070121	-0.440088068347
4763.35193166	-0.400953701745
4832.63648093	-0.362200726269
4902.92879718	-0.323721600486
4974.24353871	-0.285375096616
5046.59557704	-0.246989427906
5120	-0.208366553163
5194.47211488	-0.169285999484
5270.02745161	-0.129509661946
5346.68176603	-0.088786887538
5424.45104312	-0.046859928437
5503.35150039	-0.003468968363
5583.39959125	0.041641849166
5664.61200839	0.088719345468
5747.00568734	0.137995945961
5830.59780995	0.189684625619
5915.40580799	0.243974249023
6001.44736675	0.301025339222
6088.74042881	0.360966534507
6177.3031977	0.423891303886
6267.15414172	0.489856425706
6358.31199782	0.558880159123
6450.79577546	0.630940897940
6544.62476063	0.705976879376
6639.81851981	0.783887062875
6736.39690411	0.864532152788
6834.38005335	0.947737807922
6933.78840032	1.033297327201
7034.64267499	1.120975309726
7136.96390886	1.210511799311
7240.77343935	1.301622204809
7346.09291423	1.394009617673
7452.94429615	1.487366806351
7561.34986721	1.581382299770
7671.33223361	1.675742911419
7782.91433036	1.770139561721
7896.11942609	1.864273588763
8010.97112785	1.957861481652
8127.49338608	2.050638974326
8245.71049958	2.142364297751
8365.64712059	2.232821234299
8487.32825993	2.321821509940
8610.7792922	2.409206482899
8736.02596108	2.494848099425
8863.0943847	2.578649078745
8992.01106111	2.660541992684
9122.80287376	2.740489174486
9255.49709713	2.818478857910
9390.12140242	2.894525717996
9526.70386332	2.968666280895
9665.27296186	3.040956139087
9805.85759435	3.111466317699
9948.48707741	3.180279231041
10093.1911541	3.247469323099
10240	3.254839919244
10388.9442298	3.147496992190
10540.0549032	2.931228308048
10693.3635321	2.619929162270
10848.9020862	2.234819546340
11006.7030008	1.803102850642
11166.7991825	1.356157280981
11329.2240168	0.927372003312
11494.0113747	0.549782444587
11661.1956199	0.253673865898
11830.811616	0.064318994531
12002.8947335	0.000000000000
12177.4808576	0.000000000000
12354.6063954	0.000000000000
12534.3082834	0.000000000000
12716.6239956	0.000000000000
12901.5915509	0.000000000000
13089.2495213	0.000000000000
13279.6370396	0.000000000000
13472.7938082	0.000000000000
13668.7601067	0.000000000000
13867.5768006	0.000000000000
14069.28535	0.000000000000
14273.9278177	0.000000000000
14481.5468787	0.000000000000
14692.1858285	0.000000000000
14905.8885923	0.000000000000
15122.6997344	0.000000000000
15342.6644672	0.000000000000
15565.8286607	0.000000000000
15792.2388522	0.000000000000
16021.9422557	0.000000000000
16254.9867722	0.000000000000
16491.4209992	0.000000000000
16731.2942412	0.000000000000
16974.6565199	0.000000000000
17221.5585844	0.000000000000
17472.0519222	0.000000000000
17726.1887694	0.000000000000
17984.0221222	0.000000000000
18245.6057475	0.000000000000
18510.9941943	0.000000000000
18780.2428048	0.000000000000
19053.4077266	0.000000000000
19330.5459237	0.000000000000
19611.7151887	0.000000000000
19896.9741548	0.000000000000
20186.3823082	0.000000000000
