20	0.540073741919
20.2909066988	0.530024600405
20.5860447329	0.519981201550
20.8854756485	0.509949410571
21.1892618872	0.499932978507
21.4974667984	0.489931885339
21.8101546533	0.479941497916
22.1273906578	0.469951984638
22.4492409662	0.459948409311
22.7757726951	0.449911512546
23.1070539374	0.439818634677
23.4431537764	0.429644656284
23.7841423001	0.419363114780
24.130090616	0.408947938035
24.4810708661	0.398375257136
24.8371562415	0.387624477878
25.1984209979	0.376678207218
25.5649404712	0.365522032077
25.936791093	0.354144303995
26.3140504067	0.342535518125
26.6967970834	0.330687717354
27.0851109387	0.318594069661
27.4790729492	0.306248624968
27.878765269	0.293646256740
28.2842712475	0.280782792916
28.6956754462	0.267655340031
29.1130636568	0.254262660780
29.5365229188	0.240605178154
29.9661415375	0.226685032762
30.402009103	0.212506334561
30.8442165082	0.198075606392
31.2928559682	0.183402270671
31.7480210394	0.168498739258
32.209806639	0.153380382520
32.6783090648	0.138065073623
33.1536260154	0.122572725257
33.6358566101	0.106924799646
34.1251014105	0.091143333429
34.6214624402	0.075249891387
35.1250432075	0.059264572194
35.6359487256	0.043205044131
36.1542855356	0.027085737702
36.6801617282	0.010917472413
37.2136869661	-0.005293237893
37.7549725073	-0.021544322615
38.3041312279	-0.037837741809
38.8612776461	-0.054179424082
39.4265279456	-0.070578959398
40	-0.087049648530
40.5818133975	-0.103607998821
41.1720894657	-0.120272808926
41.7709512971	-0.137065202098
42.3785237744	-0.154008380060
42.9949335968	-0.171127237197
43.6203093066	-0.188447817897
44.2547813156	-0.205996290480
44.8984819324	-0.223798350023
45.5515453903	-0.241878725006
46.2141078749	-0.260260617074
46.8863075528	-0.278965217204
47.5682846001	-0.298011602234
48.260181232	-0.317416211461
48.9621417322	-0.337192689838
49.6743124829	-0.357351775124
50.3968419958	-0.377901229209
51.1298809424	-0.398846301175
51.873582186	-0.420190244880
52.6281008133	-0.441934900950
53.3935941668	-0.464081846883
54.1702218775	-0.486633638633
54.9581458983	-0.509594825016
55.757530538	-0.532972242841
56.5685424949	-0.556775096511
57.3913508924	-0.581014994952
58.2261273137	-0.605706122096
59.0730458376	-0.630865714999
59.9322830751	-0.656513484554
60.804018206	-0.682671342719
61.6884330163	-0.709363260925
62.5857119363	-0.736615081846
63.4960420787	-0.764454275040
64.419613278	-0.792909624553
65.3566181296	-0.822010834307
66.3072520307	-0.851788034932
67.2717132203	-0.882271354961
68.2502028209	-0.913490900086
69.2429248805	-0.945476035724
70.2500864149	-0.978254309340
71.2718974512	-1.011850355227
72.3085710713	-1.046285318829
73.3603234564	-1.081576042438
74.4273739322	-1.117733430788
75.5099450145	-1.154760915149
76.6082624559	-1.192652631452
77.7225552923	-1.231393614199
78.8530558912	-1.270961276099
80	-1.311327435996
81.163626795	-1.352459752709
82.3441789315	-1.394323369693
83.5419025942	-1.436882005888
84.7570475487	-1.480099312429
85.9898671937	-1.523939514893
87.2406186132	-1.568367759952
88.5095626311	-1.613350384044
89.7969638648	-1.658855118168
91.1030907805	-1.704851238482
92.4282157498	-1.751309667452
93.7726151055	-1.798203025214
95.1365692002	-1.845505409835
96.520362464	-1.893191462474
97.9242834644	-1.941235769663
99.3486249659	-1.989611716479
100.793683992	-2.038290862292
102.259761885	-2.087242381353
103.747164372	-2.136432325698
105.256201627	-2.185822914518
106.787188334	-2.235372517531
108.340443755	-2.285035644223
109.916291797	-2.334762700771
111.515061076	-2.384499742957
113.13708499	-2.434188937244
114.782701785	-2.483769282593
116.452254627	-2.533177857149
118.146091675	-2.582350414587
119.86456615	-2.631222572095
121.608036412	-2.679731141045
123.376866033	-2.727815394612
125.171423873	-2.775418310459
126.992084157	-2.822487827938
128.839226556	-2.868978158824
130.713236259	-2.914850925842
132.614504061	-2.960075103571
134.543426441	-3.004625754512
136.500405642	-3.048482611823
138.485849761	-3.091628783154
140.50017283	-3.134049311472
142.543794902	-3.175729049288
144.617142143	-3.216651506865
146.720646913	-3.256797863937
148.854747864	-3.296145612141
151.019890029	-3.334669139922
153.216524912	-3.372340027809
155.445110585	-3.409127395299
157.706111782	-3.444998651319
160	-3.479920725850
162.32725359	-3.513861869620
164.688357863	-3.546793805630
167.083805188	-3.578693392914
169.514095097	-3.609544486019
171.979734387	-3.639339428111
174.481237226	-3.668080536989
177.019125262	-3.695780005907
179.59392773	-3.722459831859
182.206181561	-3.748151441619
184.8564315	-3.772895322894
187.545230211	-3.796738590388
190.2731384	-3.819731754154
193.040724928	-3.841926667939
195.848566929	-3.863372813250
198.697249932	-3.884113576867
201.587367983	-3.904183162980
204.51952377	-3.923604104224
207.494328744	-3.942385353673
210.512403253	-3.960520585817
213.574376667	-3.977985981737
216.68088751	-3.994739826957
219.832583593	-4.010723294426
223.030122152	-4.025862598331
226.27416998	-4.040073125227
229.56540357	-4.053262206690
232.904509255	-4.065332772414
236.29218335	-4.076188154988
239.7291323	-4.085735861669
243.216072824	-4.093891811167
246.753732065	-4.100582316715
250.342847745	-4.105747023688
253.984168315	-4.109341284472
257.678453112	-4.111338586837
261.426472519	-4.111731818345
265.229008123	-4.110533428513
269.086852881	-4.107775404770
273.000811284	-4.103507169042
276.971699522	-4.097794581510
281.00034566	-4.090717068649
285.087589805	-4.082366072513
289.234284285	-4.072842654623
293.441293826	-4.062254988213
297.709495729	-4.050716469690
302.039780058	-4.038345183548
306.433049824	-4.025261276150
310.890221169	-4.011583957427
315.412223565	-3.997431516928
320	-3.982921908733
324.65450718	-3.968175781944
329.376715726	-3.953318260375
334.167610377	-3.938479045654
339.028190195	-3.923794420004
343.959468775	-3.909409583494
348.962474453	-3.895480267499
354.038250524	-3.882173069821
359.187855459	-3.869664514383
364.412363122	-3.858140676210
369.712862999	-3.847796713671
375.090460422	-3.838834313668
380.546276801	-3.831460144195
386.081449856	-3.825883885689
391.697133857	-3.822316348657
397.394499864	-3.820964746422
403.174735966	-3.822024848609
409.039047539	-3.825673968385
414.988657488	-3.832063258338
421.024806507	-3.841310732643
427.148753334	-3.853495883933
433.36177502	-3.868656943361
439.665167187	-3.886786717947
446.060244304	-3.907831492007
452.548339959	-3.931694754768
459.13080714	-3.958244613389
465.80901851	-3.987319805979
472.584366701	-4.018736602811
479.458264601	-4.052298295382
486.432145648	-4.087806592271
493.507464131	-4.125070801850
500.68569549	-4.163918406702
507.96833663	-4.204199935819
515.356906224	-4.245790702662
522.852945037	-4.288592862257
530.458016246	-4.332533754034
538.173705762	-4.377564804158
546.001622567	-4.423656487571
553.943399044	-4.470791493337
562.000691319	-4.518957201372
570.17517961	-4.568137558990
578.46856857	-4.618305503038
586.882587651	-4.669418198782
595.418991457	-4.721409962798
604.079560116	-4.774187523717
612.866099647	-4.827623653493
621.780442338	-4.881555565194
630.82444713	-4.935786846056
640	-4.990090664769
649.30901436	-5.044209710554
658.753431452	-5.097863087126
668.335220754	-5.150752296590
678.05638039	-5.202568479390
687.918937549	-5.252999351301
697.924948906	-5.301735609796
708.076501049	-5.348475254344
718.375710918	-5.392929644653
728.824726244	-5.434825438996
739.425725998	-5.473907623105
750.180920844	-5.509944548281
761.092553602	-5.542728424862
772.162899712	-5.572079256849
783.394267715	-5.597844932156
794.788999727	-5.619897459022
806.349471933	-5.638131445480
818.078095079	-5.652461236220
829.977314977	-5.662817765574
842.049613014	-5.669149373339
854.297506669	-5.671417025752
866.72355004	-5.669587816965
879.330334373	-5.663630741323
892.120488607	-5.653520800507
905.096679919	-5.639244629569
918.261614279	-5.620800342104
931.618037019	-5.598197361877
945.168733401	-5.571458238989
958.916529201	-5.540620354317
972.864291295	-5.505730960582
987.014928261	-5.466843331459
1001.37139098	-5.424017064187
1015.93667326	-5.376540035225
1030.71381245	-5.322455256049
1045.70589007	-5.259922732217
1060.91603249	-5.187497333177
1076.34741152	-5.104361461704
1092.00324513	-5.010501255874
1107.88679809	-4.906808990840
1124.00138264	-4.795102090573
1140.35035922	-4.678038686837
1156.93713714	-4.558922812373
1173.7651753	-4.441431821853
1190.83798291	-4.329228196295
1208.15912023	-4.218901857348
1225.73219929	-4.106826636280
1243.56088468	-3.993346402652
1261.64889426	-3.878784604483
1280	-3.763437763954
1298.61802872	-3.647576908095
1317.5068629	-3.531446065532
1336.67044151	-3.415252587314
1356.11276078	-3.299166082146
1375.8378751	-3.183316012862
1395.84989781	-3.067789424665
1416.1530021	-2.952636846022
1436.75142184	-2.837866789604
1457.64945249	-2.723453115397
1478.851452	-2.609342685468
1500.36184169	-2.495451883334
1522.1851072	-2.381654733750
1544.32579942	-2.267782654077
1566.78853543	-2.153639997453
1589.57799945	-2.039010026781
1612.69894387	-1.923653581724
1636.15619016	-1.807323503213
1659.95462995	-1.689782099643
1684.09922603	-1.570797812805
1708.59501334	-1.450150637762
1733.44710008	-1.327630426283
1758.66066875	-1.203040833932
1784.24097721	-1.076205281323
1810.19335984	-0.946970486461
1836.52322856	-0.815198841442
1863.23607404	-0.680772495773
1890.3374668	-0.543609416345
1917.8330584	-0.403655537037
1945.72858259	-0.260866507823
1974.02985652	-0.115192601570
2002.74278196	0.033414027047
2031.87334652	0.184989138097
2061.4276249	0.339545168896
2091.41178015	0.497067902122
2121.83206498	0.657513860069
2152.69482305	0.820786437887
2184.00649027	0.986698732445
2215.77359618	1.154955747825
2248.00276528	1.325143978472
2280.70071844	1.496719209275
2313.87427428	1.669021417116
2347.5303506	1.841272015541
2381.67596583	2.012569556724
2416.31824047	2.181911144779
2451.46439859	2.348198315851
2487.12176935	2.510254543520
2523.29778852	2.666845975457
2560	2.816718149187
2597.23605744	2.958626611258
2635.01372581	3.091348013217
2673.34088301	3.213697981755
2712.22552156	3.324532016993
2751.6757502	3.422757993348
2791.69979562	3.507376687750
2832.3060042	3.577485507954
2873.50284367	3.632294631841
2915.29890498	3.671163112997
2957.70290399	3.693644019834
3000.72368338	3.699486898781
3044.37021441	3.688635008763
3088.65159885	3.661213840943
3133.57707086	3.617552721072
3179.15599891	3.558155189267
3225.39788773	3.483672471849
3272.31238031	3.394840727959
3319.90925991	3.292430041162
3368.19845205	3.177199913582
3417.19002668	3.049887457803
3466.89420016	2.911169996637
3517.32133749	2.761683752271
3568.48195443	2.601989007863
3620.38671968	2.432546853255
3673.04645712	2.253722203453
3726.47214808	2.065873296145
3780.67493361	1.869432441935
3835.6661168	1.665014092429
3891.45716518	1.453436831519
3948.05971304	1.235671873137
4005.48556392	1.012834966102
4063.74669304	0.786179015202
4122.85524979	0.557091018841
4182.8235603	0.327071971055
4243.66412997	0.097683201855
4305.3896461	-0.129545762155
4368.01298054	-0.353187348933
4431.54719235	-0.571960352058
4496.00553056	-0.784763627435
4561.40143688	-0.990710165948
4627.74854856	-1.189148465898
4695.06070121	-1.379602396785
4763.35193166	-1.561768450421
4832.63648093	-1.735487931345
4902.92879718	-1.900633922301
4974.24353871	-2.057017842448
5046.59557704	-2.204406311393
5120	-2.342462883924
5194.47211488	-2.470782526998
5270.02745161	-2.588951511076
5346.68176603	-2.696610002110
5424.45104312	-2.793529619422
5503.35150039	-2.879661846216
5583.39959125	-2.955036863854
5664.61200839	-3.019734285582
5747.00568734	-3.073925068291
5830.59780995	-3.117881648447
5915.40580799	-3.151874926444
6001.44736675	-3.176104070907
6088.74042881	-3.190826700939
6177.3031977	-3.196228678257
6267.15414172	-3.192399874497
6358.31199782	-3.179464114441
6450.79577546	-3.157682713118
6544.62476063	-3.127632404030
6639.81851981	-3.090295548933
6736.39690411	-3.047106463793
6834.38005335	-2.999870844920
6933.78840032	-2.950717894812
7034.64267499	-2.902058845313
7136.96390886	-2.856624537718
7240.77343935	-2.817526649387
7346.09291423	-2.788114302950
7452.94429615	-2.771972323657
7561.34986721	-2.773082257256
7671.33223361	-2.795654801343
7782.91433036	-2.844006000005
7896.11942609	-2.922588549716
8010.97112785	-3.035676132751
8127.49338608	-3.186934183291
8245.71049958	-3.379034563045
8365.64712059	-3.613227864298
8487.32825993	-3.888865643908
8610.7792922	-4.203091190486
8736.02596108	-4.550175497974
8863.0943847	-4.921079857297
8992.01106111	-5.303146597589
9122.80287376	-5.680349663082
9255.49709713	-6.034184355381
9390.12140242	-6.345312419671
9526.70386332	-6.596201999053
9665.27296186	-6.774278259439
9805.85759435	-6.874527024597
9948.48707741	-6.900885536227
10093.1911541	-6.865921046612
10240	-6.847717809495
10388.9442298	-6.921213892530
10540.0549032	-7.097786118804
10693.3635321	-7.377950717027
10848.9020862	-7.751352704071
11006.7030008	-8.198216298170
11166.7991825	-8.691741745313
11329.2240168	-9.201097053866
11494.0113747	-9.694301927438
11661.1956199	-10.140995504383
11830.811616	-10.514647495669
12002.8947335	-10.794352480436
12177.4808576	-11.030208515152
12354.6063954	-11.272522780617
12534.3082834	-11.511046754063
12716.6239956	-11.735530172693
12901.5915509	-11.938172275953
13089.2495213	-12.113918621827
13279.6370396	-12.258603231455
13472.7938082	-12.370119953809
13668.7601067	-12.450945415134
13867.5768006	-12.507441171431
14069.28535	-12.547559265693
14273.9278177	-12.577850741445
14481.5468787	-12.601921677521
14692.1858285	-12.619479303116
14905.8885923	-12.626912904467
15122.6997344	-12.618076021194
15342.6644672	-12.586459127624
15565.8286607	-12.526651252480
15792.2388522	-12.435300618444
16021.9422557	-12.312178338219
16254.9867722	-12.160434716228
16491.4209992	-11.986022352782
16731.2942412	-11.796550262728
16974.6565199	-11.600749357638
17221.5585844	-11.406957715857
17472.0519222	-11.223371482629
17726.1887694	-11.057198900032
17984.0221222	-10.914819303823
18245.6057475	-10.801534235083
18510.9941943	-10.721513178273
18780.2428048	-10.678129332001
19053.4077266	-10.676556925163
19330.5459237	-10.728251012744
19611.7151887	-10.852513190525
19896.9741548	-11.058398672450
20186.3823082	-11.317693848101
