20	-0.326542805564
20.2909066988	-0.347858462377
20.5860447329	-0.369174950554
20.8854756485	-0.390493581626
21.1892618872	-0.411816152622
21.4974667984	-0.433144844657
21.8101546533	-0.454482136183
22.1273906578	-0.475830730149
22.4492409662	-0.497193494120
22.7757726951	-0.518573412298
23.1070539374	-0.539973548316
23.4431537764	-0.561397017659
23.7841423001	-0.582846968564
24.130090616	-0.604326570302
24.4810708661	-0.625839007802
24.8371562415	-0.647387481648
25.1984209979	-0.668975212555
25.5649404712	-0.690605449539
25.936791093	-0.712281481060
26.3140504067	-0.734006648529
26.6967970834	-0.755784361637
27.0851109387	-0.777618115067
27.4790729492	-0.799511506207
27.878765269	-0.821468253557
28.2842712475	-0.843492215605
28.6956754462	-0.865587409973
29.1130636568	-0.887758032697
29.5365229188	-0.910008477564
29.9661415375	-0.932343355438
30.402009103	-0.954767513541
30.8442165082	-0.977286054710
31.2928559682	-0.999904356616
31.7480210394	-1.022628090997
32.209806639	-1.045463242936
32.6783090648	-1.068416130225
33.1536260154	-1.091493422868
33.6358566101	-1.114702162765
34.1251014105	-1.138049783624
34.6214624402	-1.161544131129
35.1250432075	-1.185193483400
35.6359487256	-1.209006571769
36.1542855356	-1.232992601858
36.6801617282	-1.257161274982
37.2136869661	-1.281522809832
37.7549725073	-1.306087964423
38.3041312279	-1.330868058239
38.8612776461	-1.355874994522
39.4265279456	-1.381121282594
40	-1.406620060141
40.5818133975	-1.432385115290
41.1720894657	-1.458430908358
41.7709512971	-1.484772593099
42.3785237744	-1.511426037240
42.9949335968	-1.538407842107
43.6203093066	-1.565735361079
44.2547813156	-1.593426716624
44.8984819324	-1.621500815609
45.5515453903	-1.649977362562
46.2141078749	-1.678876870558
46.8863075528	-1.708220669333
47.5682846001	-1.738030910247
48.260181232	-1.768330567642
48.9621417322	-1.799143436170
49.6743124829	-1.830494123575
50.3968419958	-1.862408038441
51.1298809424	-1.894911372343
51.873582186	-1.928031075848
52.6281008133	-1.961794827750
53.3935941668	-1.996230996912
54.1702218775	-2.031368596053
54.9581458983	-2.067237226774
55.757530538	-2.103867015092
56.5685424949	-2.141288536705
57.3913508924	-2.179532731180
58.2261273137	-2.218630804189
59.0730458376	-2.258614116903
59.9322830751	-2.299514061562
60.804018206	-2.341361922220
61.6884330163	-2.384188719576
62.5857119363	-2.428025038769
63.4960420787	-2.472900838925
64.419613278	-2.518845243222
65.3566181296	-2.565886308159
66.3072520307	-2.614050770719
67.2717132203	-2.663363772074
68.2502028209	-2.713848556531
69.2429248805	-2.765526144471
70.2500864149	-2.818414978203
71.2718974512	-2.872530539838
72.3085710713	-2.927884940651
73.3603234564	-2.984486481866
74.4273739322	-3.042339187449
75.5099450145	-3.101442310332
76.6082624559	-3.161789814633
77.7225552923	-3.223369837841
78.8530558912	-3.286164138693
80	-3.350147538673
81.163626795	-3.415287367680
82.3441789315	-3.481542927581
83.5419025942	-3.548864991057
84.7570475487	-3.617195357510
85.9898671937	-3.686466492673
87.2406186132	-3.756601284194
88.5095626311	-3.827512951579
89.7969638648	-3.899105155627
91.1030907805	-3.971272359585
92.4282157498	-4.043900501664
93.7726151055	-4.116868045926
95.1365692002	-4.190047485646
96.520362464	-4.263307379489
97.9242834644	-4.336515005859
99.3486249659	-4.409539723598
100.793683992	-4.482257127264
102.259761885	-4.554553407208
103.747164372	-4.626327502980
105.256201627	-4.697491719041
106.787188334	-4.767972374337
108.340443755	-4.837709329740
109.916291797	-4.906654810615
111.515061076	-4.974771933989
113.13708499	-5.042033582456
114.782701785	-5.108420842813
116.452254627	-5.173920917037
118.146091675	-5.238525370162
119.86456615	-5.302228619814
121.608036412	-5.365025829897
123.376866033	-5.426910841740
125.171423873	-5.487874040264
126.992084157	-5.547899814209
128.839226556	-5.606965833811
130.713236259	-5.665043352513
132.614504061	-5.722099300979
134.543426441	-5.778097807874
136.500405642	-5.833001391036
138.485849761	-5.886772075012
140.50017283	-5.939372717756
142.543794902	-5.990768838611
144.617142143	-6.040928763144
146.720646913	-6.089824321759
148.854747864	-6.137431571354
151.019890029	-6.183730430863
153.216524912	-6.228704401003
155.445110585	-6.272341576440
157.706111782	-6.314635834553
160	-6.355587047265
162.32725359	-6.395201228695
164.688357863	-6.433490635879
167.083805188	-6.470472913811
169.514095097	-6.506170210519
171.979734387	-6.540608582456
174.481237226	-6.573817702528
177.019125262	-6.605830550895
179.59392773	-6.636682432900
182.206181561	-6.666410946036
184.8564315	-6.695055233129
187.545230211	-6.722655166944
190.2731384	-6.749250784971
193.040724928	-6.774881611700
195.848566929	-6.799584793324
198.697249932	-6.823393416677
201.587367983	-6.846336073924
204.51952377	-6.868435893922
207.494328744	-6.889710874893
210.512403253	-6.910174824988
213.574376667	-6.929838201747
216.68088751	-6.948708124267
219.832583593	-6.966789502212
223.030122152	-6.984085403463
226.27416998	-7.000597488563
229.56540357	-7.016326560036
232.904509255	-7.031272483435
236.29218335	-7.045435575220
239.7291323	-7.058817476475
243.216072824	-7.071421978604
246.753732065	-7.083254992516
250.342847745	-7.094324984876
253.984168315	-7.104643927040
257.678453112	-7.114227472385
261.426472519	-7.123095255601
265.229008123	-7.131270408189
269.086852881	-7.138779182519
273.000811284	-7.145649728188
276.971699522	-7.151911398380
281.00034566	-7.157594558458
285.087589805	-7.162729406914
289.234284285	-7.167345220974
293.441293826	-7.171470493434
297.709495729	-7.175133427992
302.039780058	-7.178360677815
306.433049824	-7.181174749911
310.890221169	-7.183593162744
315.412223565	-7.185626675281
320	-7.187277640448
324.65450718	-7.188539036138
329.376715726	-7.189394227639
334.167610377	-7.189817548481
339.028190195	-7.189775822651
343.959468775	-7.189230387039
348.962474453	-7.188137986680
354.038250524	-7.186451877213
359.187855459	-7.184122089776
364.412363122	-7.181096915592
369.712862999	-7.177325211800
375.090460422	-7.172755917079
380.546276801	-7.167338171476
386.081449856	-7.161021615254
391.697133857	-7.153758459088
397.394499864	-7.145506255825
403.174735966	-7.136232311497
409.039047539	-7.125915015508
414.988657488	-7.114542143679
421.024806507	-7.102110483059
427.148753334	-7.088623170727
433.36177502	-7.074086208385
439.665167187	-7.058505657184
446.060244304	-7.041887076786
452.548339959	-7.024233338165
459.13080714	-7.005544775927
465.80901851	-6.985820123929
472.584366701	-6.965057459687
479.458264601	-6.943256039034
486.432145648	-6.920420783347
493.507464131	-6.896565183272
500.68569549	-6.871717000451
507.96833663	-6.845924065301
515.356906224	-6.819256355114
522.852945037	-6.791805774207
530.458016246	-6.763681211072
538.173705762	-6.735002026198
546.001622567	-6.705894192077
553.943399044	-6.676488485423
562.000691319	-6.646917019572
570.17517961	-6.617311428932
578.46856857	-6.587805091070
586.882587651	-6.558531175994
595.418991457	-6.529616621366
604.079560116	-6.501180946197
612.866099647	-6.473331315946
621.780442338	-6.446158695303
630.82444713	-6.419735519768
640	-6.394110741251
649.30901436	-6.369306525510
658.753431452	-6.345322552641
668.335220754	-6.322148130090
678.05638039	-6.299774731030
687.918937549	-6.278201236892
697.924948906	-6.257442267173
708.076501049	-6.237534246436
718.375710918	-6.218540364113
728.824726244	-6.200551206939
739.425725998	-6.183684632206
750.180920844	-6.168083980884
761.092553602	-6.153909000470
772.162899712	-6.141320818114
783.394267715	-6.130456035884
794.788999727	-6.121392639457
806.349471933	-6.114110894534
818.078095079	-6.108463184007
829.977314977	-6.104167103079
842.049613014	-6.100831436916
854.297506669	-6.097986492676
866.72355004	-6.095107250670
879.330334373	-6.091630331482
892.120488607	-6.086962779115
905.096679919	-6.080486692383
918.261614279	-6.071564354960
931.618037019	-6.059541289953
945.168733401	-6.043748892258
958.916529201	-6.023522828178
972.864291295	-5.998229762828
987.014928261	-5.967317857867
1001.37139098	-5.930396497642
1015.93667326	-5.894868896658
1030.71381245	-5.861405946529
1045.70589007	-5.829599212517
1060.91603249	-5.799040259888
1076.34741152	-5.769320653904
1092.00324513	-5.740031959831
1107.88679809	-5.710765742931
1124.00138264	-5.681113568469
1140.35035922	-5.650667001708
1156.93713714	-5.619017607914
1173.7651753	-5.585756952349
1190.83798291	-5.550476600278
1208.15912023	-5.512768116964
1225.73219929	-5.472223067672
1243.56088468	-5.428433017665
1261.64889426	-5.380989532208
1280	-5.329484176565
1298.61802872	-5.273508515999
1317.5068629	-5.212654115774
1336.67044151	-5.146512541154
1356.11276078	-5.074675357404
1375.8378751	-4.996734129787
1395.84989781	-4.912280423567
1416.1530021	-4.820905804009
1436.75142184	-4.722201836375
1457.64945249	-4.615760085931
1478.851452	-4.506081689670
1500.36184169	-4.397941284906
1522.1851072	-4.291323122588
1544.32579942	-4.186183312777
1566.78853543	-4.082452304091
1589.57799945	-3.980041858287
1612.69894387	-3.878839379872
1636.15619016	-3.778710246835
1659.95462995	-3.679509508436
1684.09922603	-3.581073313532
1708.59501334	-3.483224247451
1733.44710008	-3.385755218483
1758.66066875	-3.288392803171
1784.24097721	-3.190759016536
1810.19335984	-3.092318232158
1836.52322856	-2.992321631723
1863.23607404	-2.889769717808
1890.3374668	-2.783397788977
1917.8330584	-2.671690880855
1945.72858259	-2.552974478315
1974.02985652	-2.425648296096
2002.74278196	-2.288567416686
2031.87334652	-2.141476050145
2061.4276249	-1.985180215200
2091.41178015	-1.821290741649
2121.83206498	-1.651811164832
2152.69482305	-1.478789547376
2184.00649027	-1.304109634422
2215.77359618	-1.129437049454
2248.00276528	-0.956241552572
2280.70071844	-0.785885955312
2313.87427428	-0.619706630723
2347.5303506	-0.459086835435
2381.67596583	-0.305538278482
2416.31824047	-0.160695658143
2451.46439859	-0.026240770538
2487.12176935	0.096311393485
2523.29778852	0.205917776023
2560	0.302260565714
2597.23605744	0.385694630011
2635.01372581	0.456930328220
2673.34088301	0.516710619405
2712.22552156	0.565635938221
2751.6757502	0.604074919771
2791.69979562	0.632138844597
2832.3060042	0.649667763062
2873.50284367	0.656204048606
2915.29890498	0.650940482322
2957.70290399	0.632605599623
3000.72368338	0.599381326826
3044.37021441	0.548941486089
3088.65159885	0.478651278048
3133.57707086	0.386075553892
3179.15599891	0.269880022083
3225.39788773	0.130610069354
3272.31238031	-0.029419318619
3319.90925991	-0.206986745778
3368.19845205	-0.398869004780
3417.19002668	-0.602325432268
3466.89420016	-0.815258153337
3517.32133749	-1.036174704678
3568.48195443	-1.263970923790
3620.38671968	-1.497747618622
3673.04645712	-1.736608980695
3726.47214808	-1.979488797502
3780.67493361	-2.225011608436
3835.6661168	-2.471348249341
3891.45716518	-2.716192789135
3948.05971304	-2.956975996535
4005.48556392	-3.191327955227
4063.74669304	-3.417884020448
4122.85524979	-3.636709663708
4182.8235603	-3.848896906188
4243.66412997	-4.055781930908
4305.3896461	-4.258394523514
4368.01298054	-4.457264931897
4431.54719235	-4.652427381329
4496.00553056	-4.843570119974
4561.40143688	-5.030186662079
4627.74854856	-5.211628287873
4695.06070121	-5.387145289487
4763.35193166	-5.555886668830
4832.63648093	-5.716892509301
4902.92879718	-5.869164554769
4974.24353871	-6.011747203051
5046.59557704	-6.143805004183
5120	-6.264802949864
5194.47211488	-6.374506730289
5270.02745161	-6.472845068546
5346.68176603	-6.559692874636
5424.45104312	-6.634808058732
5503.35150039	-6.697899588637
5583.39959125	-6.748666303271
5664.61200839	-6.786866857113
5747.00568734	-6.812319931789
5830.59780995	-6.824860292014
5915.40580799	-6.823994953703
6001.44736675	-6.808550541623
6088.74042881	-6.776444495176
6177.3031977	-6.724549893568
6267.15414172	-6.649268115070
6358.31199782	-6.548472684061
6450.79577546	-6.423596169162
6544.62476063	-6.279407287745
6639.81851981	-6.121651572694
6736.39690411	-5.955288036189
6834.38005335	-5.783836355467
6933.78840032	-5.609751443968
7034.64267499	-5.434895706223
7136.96390886	-5.260886540535
7240.77343935	-5.089272505995
7346.09291423	-4.921540160749
7452.94429615	-4.759163955557
7561.34986721	-4.604276310746
7671.33223361	-4.460548323336
7782.91433036	-4.334058813256
7896.11942609	-4.233742255266
8010.97112785	-4.168837576534
8127.49338608	-4.143741873617
8245.71049958	-4.154769902527
8365.64712059	-4.193768226291
8487.32825993	-4.253166280736
8610.7792922	-4.328046982323
8736.02596108	-4.415973544037
8863.0943847	-4.515823406679
8992.01106111	-4.626675819060
9122.80287376	-4.747647356083
9255.49709713	-4.877865110755
9390.12140242	-5.016240946726
9526.70386332	-5.161318753381
9665.27296186	-5.311084141691
9805.85759435	-5.462501306913
9948.48707741	-5.611784348229
10093.1911541	-5.755967740841
10240	-5.899797236540
10388.9442298	-6.056165678712
10540.0549032	-6.234898645349
10693.3635321	-6.442437224376
10848.9020862	-6.681036201748
11006.7030008	-6.948806388330
11166.7991825	-7.239882632689
11329.2240168	-7.544822527520
11494.0113747	-7.851573684908
11661.1956199	-8.146575091800
11830.811616	-8.415462897109
12002.8947335	-8.644054649326
12177.4808576	-8.845603893423
12354.6063954	-9.038550458462
12534.3082834	-9.219545857370
12716.6239956	-9.387154037183
12901.5915509	-9.543894216166
13089.2495213	-9.694056156536
13279.6370396	-9.840114273004
13472.7938082	-9.982866916832
13668.7601067	-10.122562038372
13867.5768006	-10.259266058896
14069.28535	-10.393110524430
14273.9278177	-10.524512830780
14481.5468787	-10.654006367093
14692.1858285	-10.781535046166
14905.8885923	-10.906859588707
15122.6997344	-11.029959277026
15342.6644672	-11.151090086331
15565.8286607	-11.274259882053
15792.2388522	-11.411365051607
16021.9422557	-11.581477925204
16254.9867722	-11.796613688476
16491.4209992	-12.049223821832
16731.2942412	-12.323135299074
16974.6565199	-12.608472432481
17221.5585844	-12.901957661578
17472.0519222	-13.202833318532
17726.1887694	-13.510577339814
17984.0221222	-13.824486171553
18245.6057475	-14.143816988969
18510.9941943	-14.467986501743
18780.2428048	-14.797637503918
19053.4077266	-15.133501113814
19330.5459237	-15.470822041486
19611.7151887	-15.784652372504
19896.9741548	-16.028832456836
20186.3823082	-16.192031070599
