20	2.887694224478
20.2909066988	2.872491794737
20.5860447329	2.857293575733
20.8854756485	2.842103960020
21.1892618872	2.826925650615
21.4974667984	2.811757940921
21.8101546533	2.796595721788
22.1273906578	2.781428829931
22.4492409662	2.766242028391
22.7757726951	2.751015213558
23.1070539374	2.735723915118
23.4431537764	2.720340427163
23.7841423001	2.704835256724
24.130090616	2.689178971782
24.4810708661	2.673344029661
24.8371562415	2.657305832452
25.1984209979	2.641043096747
25.5649404712	2.624537883939
25.936791093	2.607775158254
26.3140504067	2.590742289984
26.6967970834	2.573428547768
27.0851109387	2.555824691554
27.4790729492	2.537922822363
27.878765269	2.519716159757
28.2842712475	2.501198981462
28.6956754462	2.482366817489
29.1130636568	2.463216846633
29.5365229188	2.443748234390
29.9661415375	2.423962212251
30.402009103	2.403862107446
30.8442165082	2.383453808046
31.2928559682	2.362745793542
31.7480210394	2.341748935060
32.209806639	2.320476589493
32.6783090648	2.298944428978
33.1536260154	2.277169905695
33.6358566101	2.255171464762
34.1251014105	2.232967467073
34.6214624402	2.210575139408
35.1250432075	2.188009797969
35.6359487256	2.165284324527
36.1542855356	2.142408285991
36.6801617282	2.119387026505
37.2136869661	2.096221268936
37.7549725073	2.072907342740
38.3041312279	2.049437168629
38.8612776461	2.025798291162
39.4265279456	2.001974172249
40	1.977944586275
40.5818133975	1.953685783903
41.1720894657	1.929170959644
41.7709512971	1.904370662119
42.3785237744	1.879253170086
42.9949335968	1.853784846824
43.6203093066	1.827930522142
44.2547813156	1.801654439598
44.8984819324	1.774921003059
45.5515453903	1.747695277906
46.2141078749	1.719943542221
46.8863075528	1.691633477064
47.5682846001	1.662734252072
48.260181232	1.633217180576
48.9621417322	1.603055961353
49.6743124829	1.572226682600
50.3968419958	1.540707363310
51.1298809424	1.508477476538
51.873582186	1.475517597776
52.6281008133	1.441809087401
53.3935941668	1.407333460436
54.1702218775	1.372071553236
54.9581458983	1.336003053065
55.757530538	1.299106172943
56.5685424949	1.261357516594
57.3913508924	1.222732348434
58.2261273137	1.183205018360
59.0730458376	1.142749458225
59.9322830751	1.101339746198
60.804018206	1.058950735455
61.6884330163	1.015558743386
62.5857119363	0.971142296787
63.4960420787	0.925682841913
64.419613278	0.879165060245
65.3566181296	0.831576762369
66.3072520307	0.782908820348
67.2717132203	0.733155403864
68.2502028209	0.682314332675
69.2429248805	0.630386999925
70.2500864149	0.577378367639
71.2718974512	0.523297127095
72.3085710713	0.468155309075
73.3603234564	0.411967872525
74.4273739322	0.354752416465
75.5099450145	0.296528603654
76.6082624559	0.237317793820
77.7225552923	0.177142598677
78.8530558912	0.116026454850
80	0.053993109913
81.163626795	-0.008934268610
82.3441789315	-0.072733206357
83.5419025942	-0.137382617929
84.7570475487	-0.202863225447
85.9898671937	-0.269157407935
87.2406186132	-0.336248911632
88.5095626311	-0.404122587665
89.7969638648	-0.472763831507
91.1030907805	-0.542157938400
92.4282157498	-0.612289219384
93.7726151055	-0.683140146527
95.1365692002	-0.754690758614
96.520362464	-0.826918276073
97.9242834644	-0.899797542390
99.3486249659	-0.973302142713
100.793683992	-1.047405312213
102.259761885	-1.122080988767
103.747164372	-1.197304249276
105.256201627	-1.273050955450
106.787188334	-1.349296688995
108.340443755	-1.426015092194
109.916291797	-1.503175743232
111.515061076	-1.580742478693
113.13708499	-1.658672584135
114.782701785	-1.736915924903
116.452254627	-1.815414054689
118.146091675	-1.894099766692
119.86456615	-1.972896395646
121.608036412	-2.051717163779
123.376866033	-2.130464338629
125.171423873	-2.209028423535
126.992084157	-2.287288219378
128.839226556	-2.365111051433
130.713236259	-2.442354775685
132.614504061	-2.518871100429
134.543426441	-2.594509027132
136.500405642	-2.669117675115
138.485849761	-2.742549697744
140.50017283	-2.814664260560
142.543794902	-2.885329621625
144.617142143	-2.954424973807
146.720646913	-3.021842051179
148.854747864	-3.087486670210
151.019890029	-3.151279245897
153.216524912	-3.213155458079
155.445110585	-3.273067402537
157.706111782	-3.330984868611
160	-3.386896308293
162.32725359	-3.440808992938
164.688357863	-3.492748994825
167.083805188	-3.542761091644
169.514095097	-3.590908321254
171.979734387	-3.637270244771
174.481237226	-3.681940643351
177.019125262	-3.725025402744
179.59392773	-3.766639528189
182.206181561	-3.806904604815
184.8564315	-3.845945072280
187.545230211	-3.883884028118
190.2731384	-3.920839235144
193.040724928	-3.956919279111
195.848566929	-3.992219698054
198.697249932	-4.026819038340
201.587367983	-4.060775351881
204.51952377	-4.094123863077
207.494328744	-4.126875809922
210.512403253	-4.159017684810
213.574376667	-4.190511369310
216.68088751	-4.221295987130
219.832583593	-4.251290895159
223.030122152	-4.280399012687
226.27416998	-4.308510997069
229.56540357	-4.335509636214
232.904509255	-4.361274492538
236.29218335	-4.385686344585
239.7291323	-4.408632194817
243.216072824	-4.430009646440
246.753732065	-4.449730294697
250.342847745	-4.467723260806
253.984168315	-4.483937857811
257.678453112	-4.498346811459
261.426472519	-4.510947935362
265.229008123	-4.521764214307
269.086852881	-4.530842332540
273.000811284	-4.538249659720
276.971699522	-4.544072632583
281.00034566	-4.548413018719
285.087589805	-4.551382947067
289.234284285	-4.553101414036
293.441293826	-4.553691984517
297.709495729	-4.553280335529
302.039780058	-4.551991245115
306.433049824	-4.549945062501
310.890221169	-4.547254677400
315.412223565	-4.544022643397
320	-4.540340379219
324.65450718	-4.536290383660
329.376715726	-4.531948506320
334.167610377	-4.527386106460
339.028190195	-4.522673512301
343.959468775	-4.517883181629
348.962474453	-4.513092146910
354.038250524	-4.508384979006
359.187855459	-4.503856430910
364.412363122	-4.499613699711
369.712862999	-4.495776094274
375.090460422	-4.492475533531
380.546276801	-4.489856122089
386.081449856	-4.488072966880
391.697133857	-4.487289272473
397.394499864	-4.487673129995
403.174735966	-4.489394371410
409.039047539	-4.492618447765
414.988657488	-4.497498628062
421.024806507	-4.504167736555
427.148753334	-4.512729585145
433.36177502	-4.523250897808
439.665167187	-4.535755175259
446.060244304	-4.550221163499
452.548339959	-4.566584675018
459.13080714	-4.584742204378
465.80901851	-4.604557452527
472.584366701	-4.625869579013
479.458264601	-4.648502775000
486.432145648	-4.672278698054
493.507464131	-4.697031676587
500.68569549	-4.722623632579
507.96833663	-4.748953858802
515.356906224	-4.775963734883
522.852945037	-4.803638136062
530.458016246	-4.831999906316
538.173705762	-4.861103621005
546.001622567	-4.891028461181
553.943399044	-4.921871576805
562.000691319	-4.953740402997
570.17517961	-4.986740482927
578.46856857	-5.020966043875
586.882587651	-5.056492365319
595.418991457	-5.093369845898
604.079560116	-5.131616530651
612.866099647	-5.171210508175
621.780442338	-5.212084012920
630.82444713	-5.254119476429
640	-5.297145479456
649.30901436	-5.340940122965
658.753431452	-5.385243001763
668.335220754	-5.429771521065
678.05638039	-5.474236756909
687.918937549	-5.518356434589
697.924948906	-5.561868927734
708.076501049	-5.604546556155
718.375710918	-5.646204598122
728.824726244	-5.686708353761
739.425725998	-5.725976189726
750.180920844	-5.763976696048
761.092553602	-5.800720736303
772.162899712	-5.836249956252
783.394267715	-5.870611244045
794.788999727	-5.903823694652
806.349471933	-5.935840589356
818.078095079	-5.966520131507
829.977314977	-5.995618160827
842.049613014	-6.022799830557
854.297506669	-6.047661711437
866.72355004	-6.069754666330
879.330334373	-6.088596656245
892.120488607	-6.103680811757
905.096679919	-6.114482489062
918.261614279	-6.120464167805
931.618037019	-6.121082485071
945.168733401	-6.115794558358
958.916529201	-6.104073453269
972.864291295	-6.085437428807
987.014928261	-6.059499299704
1001.37139098	-6.025906436858
1015.93667326	-5.977010041724
1030.71381245	-5.904051062976
1045.70589007	-5.809592858292
1060.91603249	-5.696198785350
1076.34741152	-5.566432201829
1092.00324513	-5.422856465406
1107.88679809	-5.268034933760
1124.00138264	-5.104530964570
1140.35035922	-4.934907915512
1156.93713714	-4.761729144265
1173.7651753	-4.587558008508
1190.83798291	-4.414957865918
1208.15912023	-4.246492074175
1225.73219929	-4.084723990955
1243.56088468	-3.932216973937
1261.64889426	-3.791534380799
1280	-3.662741289723
1298.61802872	-3.536518964435
1317.5068629	-3.412932779838
1336.67044151	-3.291960665042
1356.11276078	-3.173528548748
1375.8378751	-3.057537165298
1395.84989781	-2.943881113606
1416.1530021	-2.832463947072
1436.75142184	-2.723205058152
1457.64945249	-2.616035065621
1478.851452	-2.510882575380
1500.36184169	-2.407662079130
1522.1851072	-2.306268357076
1544.32579942	-2.206573192390
1566.78853543	-2.108417889102
1589.57799945	-2.011623055500
1612.69894387	-1.915999913472
1636.15619016	-1.821358433192
1659.95462995	-1.727502987536
1684.09922603	-1.634223254971
1708.59501334	-1.541281911004
1733.44710008	-1.448388346419
1758.66066875	-1.355169882111
1784.24097721	-1.261145496221
1810.19335984	-1.165687716405
1836.52322856	-1.067965094842
1863.23607404	-0.966908851226
1890.3374668	-0.861209963445
1917.8330584	-0.749354018219
1945.72858259	-0.629736244243
1974.02985652	-0.500887528399
2002.74278196	-0.361819722782
2031.87334652	-0.212387839775
2061.4276249	-0.053395613214
2091.41178015	0.113600953625
2121.83206498	0.286629152316
2152.69482305	0.463618744951
2184.00649027	0.642614688238
2215.77359618	0.821837460630
2248.00276528	0.999665821402
2280.70071844	1.174572389853
2313.87427428	1.345074621510
2347.5303506	1.509662367094
2381.67596583	1.666742531146
2416.31824047	1.814637598757
2451.46439859	1.951674668156
2487.12176935	2.076413643638
2523.29778852	2.187893303793
2560	2.285824214590
2597.23605744	2.370510084084
2635.01372581	2.442601613144
2673.34088301	2.502837876375
2712.22552156	2.551862074878
2751.6757502	2.590101600128
2791.69979562	2.617749440138
2832.3060042	2.634729670710
2873.50284367	2.640658667332
2915.29890498	2.634733813222
2957.70290399	2.615642479609
3000.72368338	2.581531155851
3044.37021441	2.530124872426
3088.65159885	2.459012093352
3133.57707086	2.366176773641
3179.15599891	2.250633829705
3225.39788773	2.112963637991
3272.31238031	1.955173306934
3319.90925991	1.780101143213
3368.19845205	1.590716507852
3417.19002668	1.389629666390
3466.89420016	1.178898586546
3517.32133749	0.960051465819
3568.48195443	0.734206122298
3620.38671968	0.502239080674
3673.04645712	0.264981226594
3726.47214808	0.023390817230
3780.67493361	-0.221256813272
3835.6661168	-0.467205892230
3891.45716518	-0.712234298536
3948.05971304	-0.953881437488
4005.48556392	-1.189903507956
4063.74669304	-1.418968000042
4122.85524979	-1.640978397329
4182.8235603	-1.856741138918
4243.66412997	-2.067368854141
4305.3896461	-2.273801287056
4368.01298054	-2.476562245722
4431.54719235	-2.675742265120
4496.00553056	-2.871108248374
4561.40143688	-3.062202247779
4627.74854856	-3.248413341516
4695.06070121	-3.428972814379
4763.35193166	-3.602998331490
4832.63648093	-3.769493393442
4902.92879718	-3.927409665074
4974.24353871	-4.075715377556
5046.59557704	-4.213523061572
5120	-4.340215753485
5194.47211488	-4.455380355110
5270.02745161	-4.558749995507
5346.68176603	-4.650075838538
5424.45104312	-4.729013814827
5503.35150039	-4.795146612125
5583.39959125	-4.848047568229
5664.61200839	-4.887383131105
5747.00568734	-4.912918187324
5830.59780995	-4.924262076356
5915.40580799	-4.920609946959
6001.44736675	-4.900492553698
6088.74042881	-4.861610368053
6177.3031977	-4.801035947070
6267.15414172	-4.715844202951
6358.31199782	-4.604611193286
6450.79577546	-4.468786013404
6544.62476063	-4.312308483406
6639.81851981	-4.140202175614
6736.39690411	-3.957195081841
6834.38005335	-3.767048278703
6933.78840032	-3.572533119521
7034.64267499	-3.375743713218
7136.96390886	-3.178539097797
7240.77343935	-2.982793074040
7346.09291423	-2.790397294197
7452.94429615	-2.603331596148
7561.34986721	-2.424157578611
7671.33223361	-2.256850931567
7782.91433036	-2.107640851486
7896.11942609	-1.984901068965
8010.97112785	-1.897008601765
8127.49338608	-1.848348416040
8245.71049958	-1.836940386445
8365.64712059	-1.856382411476
8487.32825993	-1.899875042480
8610.7792922	-1.962736247881
8736.02596108	-2.042518883900
8863.0943847	-2.137993207834
8992.01106111	-2.248497205035
9122.80287376	-2.373462067440
9255.49709713	-2.512168530852
9390.12140242	-2.663602833056
9526.70386332	-2.826274777172
9665.27296186	-2.998192114296
9805.85759435	-3.176642905200
9948.48707741	-3.358548701562
10093.1911541	-3.541505119622
10240	-3.813819335636
10388.9442298	-4.262935249952
10540.0549032	-4.885317000760
10693.3635321	-5.664116088313
10848.9020862	-6.569683055656
11006.7030008	-7.561521458809
11166.7991825	-8.590988834940
11329.2240168	-9.604462563764
11494.0113747	-10.547414568615
11661.1956199	-11.368157783711
11830.811616	-12.021378100435
12002.8947335	-12.470948369617
12177.4808576	-12.808402222947
12354.6063954	-13.130318087400
12534.3082834	-13.426422897544
12716.6239956	-13.686286968536
12901.5915509	-13.904969693448
13089.2495213	-14.082739052048
13279.6370396	-14.214599694656
13472.7938082	-14.294841586315
13668.7601067	-14.323562928821
13867.5768006	-14.306640775396
14069.28535	-14.253967235801
14273.9278177	-14.176723913326
14481.5468787	-14.084142161904
14692.1858285	-13.984164446273
14905.8885923	-13.882857422694
15122.6997344	-13.784145958253
15342.6644672	-13.691646324918
15565.8286607	-13.611527797533
15792.2388522	-13.554908994301
16021.9422557	-13.536120442880
16254.9867722	-13.563964285493
16491.4209992	-13.633911090192
16731.2942412	-13.733048414465
16974.6565199	-13.851168921111
17221.5585844	-13.983636767199
17472.0519222	-14.128843890462
17726.1887694	-14.285801573328
17984.0221222	-14.450778831888
18245.6057475	-14.616596687866
18510.9941943	-14.775284577106
18780.2428048	-14.922546521584
19053.4077266	-15.057804858128
19330.5459237	-15.181203977174
19611.7151887	-15.289614885690
19896.9741548	-15.374571427709
20186.3823082	-15.433517920889
