20	8.008118615451
20.2909066988	8.013625738161
20.5860447329	8.019136874583
20.8854756485	8.024656106835
21.1892618872	8.030185713184
21.4974667984	8.035724472330
21.8101546533	8.041266691290
22.1273906578	8.046801571308
22.4492409662	8.052313202697
22.7757726951	8.057780783394
23.1070539374	8.063179127859
23.4431537764	8.068479804843
23.7841423001	8.073652590554
24.130090616	8.078667319542
24.4810708661	8.083495714471
24.8371562415	8.088112441631
25.1984209979	8.092495479721
25.5649404712	8.096626148315
25.936791093	8.100488663383
26.3140504067	8.104069637441
26.6967970834	8.107357568354
27.0851109387	8.110342428496
27.4790729492	8.113015510496
27.878765269	8.115369200541
28.2842712475	8.117396913749
28.6956754462	8.119093283994
29.1130636568	8.120454556095
29.5365229188	8.121478919454
29.9661415375	8.122166583072
30.402009103	8.122519801081
30.8442165082	8.122543333653
31.2928559682	8.122244473431
31.7480210394	8.121632841628
32.209806639	8.120720478066
32.6783090648	8.119521666582
33.1536260154	8.118052395765
33.6358566101	8.116329567782
34.1251014105	8.114369917151
34.6214624402	8.112188956778
35.1250432075	8.109800197399
35.6359487256	8.107214619625
36.1542855356	8.104439789407
36.6801617282	8.101478946016
37.2136869661	8.098330599435
37.7549725073	8.094988754141
38.3041312279	8.091442889747
38.8612776461	8.087677989623
39.4265279456	8.083674830530
40	8.079410374017
40.5818133975	8.074857926649
41.1720894657	8.069987604231
41.7709512971	8.064766738985
42.3785237744	8.059160252821
42.9949335968	8.053131009340
43.6203093066	8.046640193913
44.2547813156	8.039648259503
44.8984819324	8.032115672425
45.5515453903	8.024003413430
46.2141078749	8.015273529547
46.8863075528	8.005889325879
47.5682846001	7.995815453679
48.260181232	7.985018568989
48.9621417322	7.973467579083
49.6743124829	7.961133652368
50.3968419958	7.947989767051
51.1298809424	7.934010243134
51.873582186	7.919170401066
52.6281008133	7.903446256089
53.3935941668	7.886813901604
54.1702218775	7.869248691242
54.9581458983	7.850724785666
55.757530538	7.831214846513
56.5685424949	7.810689922360
57.3913508924	7.789119741643
58.2261273137	7.766473162294
59.0730458376	7.742718694946
59.9322830751	7.717825095841
60.804018206	7.691762025814
61.6884330163	7.664500771425
62.5857119363	7.636015023558
63.4960420787	7.606281622217
64.419613278	7.575280908134
65.3566181296	7.542996653402
66.3072520307	7.509416031214
67.2717132203	7.474529889721
68.2502028209	7.438333142236
69.2429248805	7.400824727978
70.2500864149	7.362007644333
71.2718974512	7.321889142953
72.3085710713	7.280480374308
73.3603234564	7.237796008823
74.4273739322	7.193853979045
75.5099450145	7.148674930963
76.6082624559	7.102281881898
77.7225552923	7.054699796828
78.8530558912	7.005955178913
80	6.956075569129
81.163626795	6.905088664550
82.3441789315	6.853022209982
83.5419025942	6.799903302158
84.7570475487	6.745757966274
85.9898671937	6.690611296679
87.2406186132	6.634487731584
88.5095626311	6.577411295325
89.7969638648	6.519406133831
91.1030907805	6.460497129209
92.4282157498	6.400710748957
93.7726151055	6.340075861415
95.1365692002	6.278624286448
96.520362464	6.216391132881
97.9242834644	6.153414305750
99.3486249659	6.089733333053
100.793683992	6.025388399825
102.259761885	5.960419235404
103.747164372	5.894864615025
105.256201627	5.828762650358
106.787188334	5.762151789581
108.340443755	5.695072411438
109.916291797	5.627568884471
111.515061076	5.559691179473
113.13708499	5.491495614761
114.782701785	5.423045662611
116.452254627	5.354412779806
118.146091675	5.285676797930
119.86456615	5.216926565571
121.608036412	5.148260549806
123.376866033	5.079787629424
125.171423873	5.011627859436
126.992084157	4.943912368637
128.839226556	4.876783096604
130.713236259	4.810390756064
132.614504061	4.744891484960
134.543426441	4.680443384398
136.500405642	4.617203677995
138.485849761	4.555325284961
140.50017283	4.494953836467
142.543794902	4.436225094928
144.617142143	4.379263116341
146.720646913	4.324178653320
148.854747864	4.271067627900
151.019890029	4.220010633669
153.216524912	4.171072291683
155.445110585	4.124300125177
157.706111782	4.079723310970
160	4.037351742172
162.32725359	3.997175905659
164.688357863	3.959166936616
167.083805188	3.923276751663
169.514095097	3.889438532783
171.979734387	3.857568503566
174.481237226	3.827568272024
177.019125262	3.799326985503
179.59392773	3.772724354792
182.206181561	3.747633231920
184.8564315	3.723923372636
187.545230211	3.701465668857
190.2731384	3.680136175479
193.040724928	3.659819985226
195.848566929	3.640415129910
198.697249932	3.621836553001
201.587367983	3.604019638955
204.51952377	3.586922570703
207.494328744	3.570527510822
210.512403253	3.554841380898
213.574376667	3.539895744802
216.68088751	3.525744971747
219.832583593	3.512463259286
223.030122152	3.500141316240
226.27416998	3.488882197388
229.56540357	3.478796919652
232.904509255	3.469999825222
236.29218335	3.462604145577
239.7291323	3.456716997969
243.216072824	3.452435011666
246.753732065	3.449840938609
250.342847745	3.449000120436
253.984168315	3.449957822699
257.678453112	3.452736013289
261.426472519	3.457331685889
265.229008123	3.463716774689
269.086852881	3.471839623639
273.000811284	3.481627997596
276.971699522	3.492990697437
281.00034566	3.505821292762
285.087589805	3.520003087676
289.234284285	3.535412610772
293.441293826	3.551921910127
297.709495729	3.569401005572
302.039780058	3.587720895714
306.433049824	3.606757083664
310.890221169	3.626392603692
315.412223565	3.646520893832
320	3.667046590701
324.65450718	3.687883310772
329.376715726	3.708951375940
334.167610377	3.730175651113
339.028190195	3.751482081518
343.959468775	3.772794528841
348.962474453	3.794032323039
354.038250524	3.815107295720
359.187855459	3.835921133688
364.412363122	3.856363114440
369.712862999	3.876310436146
375.090460422	3.895627717210
380.546276801	3.914167418712
386.081449856	3.931771025999
391.697133857	3.948271951839
397.394499864	3.963498746146
403.174735966	3.977278240559
409.039047539	3.989441669270
414.988657488	3.999832469417
421.024806507	4.008314543267
427.148753334	4.014780825507
433.36177502	4.019161358699
439.665167187	4.021429428723
446.060244304	4.021603096519
452.548339959	4.019743377397
459.13080714	4.015950626158
465.80901851	4.010358013686
472.584366701	4.003123275847
479.458264601	3.994419141778
486.432145648	3.984420900602
493.507464131	3.973291198680
500.68569549	3.961165118773
507.96833663	3.948140404892
515.356906224	3.934272748490
522.852945037	3.919574382139
530.458016246	3.904019609012
538.173705762	3.887551043024
546.001622567	3.870086737462
553.943399044	3.851526824868
562.000691319	3.831761204046
570.17517961	3.810681720573
578.46856857	3.788191594263
586.882587651	3.764213054754
595.418991457	3.738693278320
604.079560116	3.711611864524
612.866099647	3.682988443055
621.780442338	3.652888575506
630.82444713	3.621427708288
640	3.588775224730
649.30901436	3.555151078347
658.753431452	3.520813823500
668.335220754	3.486044303163
678.05638039	3.451129792823
687.918937549	3.416351026371
697.924948906	3.381968201296
708.076501049	3.348207685092
718.375710918	3.315253007145
728.824726244	3.283237799432
739.425725998	3.252242755836
750.180920844	3.222298479168
761.092553602	3.193393434725
772.162899712	3.165485445212
783.394267715	3.138527233922
794.788999727	3.112499463484
806.349471933	3.087448759323
818.078095079	3.063516976626
829.977314977	3.040948488482
842.049613014	3.020078510902
854.297506669	3.001311000705
866.72355004	2.985095782438
879.330334373	2.971915743557
892.120488607	2.962278763858
905.096679919	2.956710659902
918.261614279	2.955750287278
931.618037019	2.959942506305
945.168733401	2.969831858339
958.916529201	2.985947096947
972.864291295	3.008771941031
987.014928261	3.038695710499
1001.37139098	60.666528540622
1015.93667326	60.745732391631
1030.71381245	60.828859141980
1045.70589007	60.915872681675
1060.91603249	61.006718567397
1076.34741152	61.101324332041
1092.00324513	61.199599818808
1107.88679809	61.301439807669
1124.00138264	61.406721966585
1140.35035922	61.515307013131
1156.93713714	61.627043892378
1173.7651753	61.741767904681
1190.83798291	61.859304415811
1208.15912023	61.979469154779
1225.73219929	62.102069787377
1243.56088468	62.226907232629
1261.64889426	62.353777305240
1280	62.482472437652
1298.61802872	62.612782561326
1317.5068629	62.744496705210
1336.67044151	62.877404196639
1356.11276078	63.011294864873
1375.8378751	63.145960648540
1395.84989781	63.281196591088
1416.1530021	63.416800512434
1436.75142184	63.552574908129
1457.64945249	63.688325976011
1478.851452	63.823863913990
1500.36184169	63.959003106797
1522.1851072	64.093562016933
1544.32579942	64.227362971203
1566.78853543	64.360232206127
1589.57799945	64.491998977136
1612.69894387	64.622495300340
1636.15619016	64.751555560826
1659.95462995	64.879016063047
1684.09922603	65.004714951375
1708.59501334	65.128491296210
1733.44710008	65.250183485755
1758.66066875	65.369630705453
1784.24097721	65.486672636820
1810.19335984	65.601148990290
1836.52322856	65.712899369717
1863.23607404	65.821763335539
1890.3374668	65.927580592520
1917.8330584	66.030191303431
1945.72858259	66.129436521781
1974.02985652	66.225158730169
2002.74278196	66.317202468486
2031.87334652	66.405416606733
2061.4276249	66.489653030031
2091.41178015	66.569767280779
2121.83206498	66.645620257179
2152.69482305	66.717079212936
2184.00649027	66.784018794978
2215.77359618	66.846322124228
2248.00276528	66.903883150778
2280.70071844	66.956607795725
2313.87427428	67.004412356915
2347.5303506	67.047225084552
2381.67596583	67.084986139367
2416.31824047	67.117650456942
2451.46439859	67.145187508558
2487.12176935	67.167581774879
2523.29778852	67.184832918353
2560	67.196956567365
2597.23605744	67.203980402030
2635.01372581	67.205945883274
2673.34088301	67.202907601843
2712.22552156	67.194932287838
2751.6757502	67.182095193431
2791.69979562	67.164485118866
2832.3060042	67.142201886260
2873.50284367	67.115345753346
2915.29890498	67.084016426694
2957.70290399	67.048319181176
3000.72368338	67.008361184140
3044.37021441	66.964249132248
3088.65159885	66.916083059547
3133.57707086	66.863956721513
3179.15599891	66.807955902785
3225.39788773	66.748157097170
3272.31238031	66.684626605214
3319.90925991	66.617420051694
3368.19845205	66.546587941847
3417.19002668	66.472167932883
3466.89420016	66.394187614173
3517.32133749	66.312665964040
3568.48195443	66.227607726659
3620.38671968	66.139019466693
3673.04645712	66.046906445956
3726.47214808	65.951278180521
3780.67493361	65.852151810120
3835.6661168	65.749553723352
3891.45716518	65.643523856597
3948.05971304	65.534122341089
4005.48556392	65.421432840152
4063.74669304	65.305566076724
4122.85524979	65.186670132474
4182.8235603	65.064933876184
4243.66412997	64.940583994731
4305.3896461	64.813891501157
4368.01298054	64.685170976095
4431.54719235	64.554785933918
4496.00553056	64.423150815390
4561.40143688	64.290727656934
4627.74854856	64.158026840973
4695.06070121	64.025601214666
4763.35193166	63.894030902293
4832.63648093	63.763934961064
4902.92879718	63.635957866616
4974.24353871	63.510761561359
5046.59557704	63.389016502399
5120	63.271391852762
5194.47211488	63.158544989719
5270.02745161	63.051110527906
5346.68176603	62.949689075433
5424.45104312	62.854835957470
5503.35150039	62.767050166431
5583.39959125	62.686763796351
5664.61200839	62.614332219556
5747.00568734	62.550025255812
5830.59780995	62.494019570417
5915.40580799	62.446392522372
6001.44736675	62.407117661254
6088.74042881	62.376062032191
6177.3031977	62.352985405310
6267.15414172	62.337541509820
6358.31199782	62.329281608390
6450.79577546	62.327659380378
6544.62476063	62.332038055448
6639.81851981	62.341699865353
6736.39690411	62.355856893633
6834.38005335	62.373663425221
6933.78840032	62.394229558123
7034.64267499	62.416635942849
7136.96390886	62.439947507177
7240.77343935	62.463232094155
7346.09291423	62.485576220411
7452.94429615	62.506096532115
7561.34986721	62.523957964896
7671.33223361	62.538385220323
7782.91433036	62.548676735151
7896.11942609	62.554215605281
8010.97112785	62.554479025371
8127.49338608	62.549045470027
8245.71049958	62.537599802436
8365.64712059	62.519936950227
8487.32825993	62.495962554843
8610.7792922	62.465691832165
8736.02596108	62.429247019240
8863.0943847	62.386851303810
8992.01106111	62.338821646439
9122.80287376	62.285560984648
9255.49709713	62.227546810809
9390.12140242	62.165321381897
9526.70386332	62.099479406238
9665.27296186	62.030655271888
9805.85759435	61.959510249883
9948.48707741	61.886719734784
10093.1911541	61.812960530170
10240	61.738899516302
10388.9442298	61.665182353903
10540.0549032	61.592423359797
10693.3635321	61.521196618080
10848.9020862	61.452028114264
11006.7030008	61.385390076169
11166.7991825	61.321697104509
11329.2240168	61.261300940271
11494.0113747	61.204488944425
11661.1956199	61.151484065535
11830.811616	61.102445748098
12002.8947335	60.977445748098
12177.4808576	60.852445748098
12354.6063954	60.727445748098
12534.3082834	60.602445748098
12716.6239956	60.477445748098
12901.5915509	60.352445748098
13089.2495213	60.227445748098
13279.6370396	60.102445748098
13472.7938082	59.977445748098
13668.7601067	59.852445748098
13867.5768006	59.727445748098
14069.28535	59.602445748098
14273.9278177	59.477445748098
14481.5468787	59.352445748098
14692.1858285	59.227445748098
14905.8885923	59.102445748098
15122.6997344	58.977445748098
15342.6644672	58.852445748098
15565.8286607	58.727445748098
15792.2388522	58.602445748098
16021.9422557	58.477445748098
16254.9867722	58.352445748098
16491.4209992	58.227445748098
16731.2942412	58.102445748098
16974.6565199	57.977445748098
17221.5585844	57.852445748098
17472.0519222	57.727445748098
17726.1887694	57.602445748098
17984.0221222	57.477445748098
18245.6057475	57.352445748098
18510.9941943	57.227445748098
18780.2428048	57.102445748098
19053.4077266	56.977445748098
19330.5459237	56.852445748098
19611.7151887	56.727445748098
19896.9741548	56.602445748098
20186.3823082	56.477445748098
