20	8.008118615451
20.2909066988	8.013625738161
20.5860447329	8.019136874583
20.8854756485	8.024656106835
21.1892618872	8.030185713184
21.4974667984	8.035724472330
21.8101546533	8.041266691290
22.1273906578	8.046801571308
22.4492409662	8.052313202697
22.7757726951	8.057780783394
23.1070539374	8.063179127859
23.4431537764	8.068479804843
23.7841423001	8.073652590554
24.130090616	8.078667319542
24.4810708661	8.083495714471
24.8371562415	8.088112441631
25.1984209979	8.092495479721
25.5649404712	8.096626148315
25.936791093	8.100488663383
26.3140504067	8.104069637441
26.6967970834	8.107357568354
27.0851109387	8.110342428496
27.4790729492	8.113015510496
27.878765269	8.115369200541
28.2842712475	8.117396913749
28.6956754462	8.119093283994
29.1130636568	8.120454556095
29.5365229188	8.121478919454
29.9661415375	8.122166583072
30.402009103	8.122519801081
30.8442165082	8.122543333653
31.2928559682	8.122244473431
31.7480210394	8.121632841628
32.209806639	8.120720478066
32.6783090648	8.119521666582
33.1536260154	8.118052395765
33.6358566101	8.116329567782
34.1251014105	8.114369917151
34.6214624402	8.112188956778
35.1250432075	8.109800197399
35.6359487256	8.107214619625
36.1542855356	8.104439789407
36.6801617282	8.101478946016
37.2136869661	8.098330599435
37.7549725073	8.094988754141
38.3041312279	8.091442889747
38.8612776461	8.087677989623
39.4265279456	8.083674830530
40	8.079410374017
40.5818133975	8.074857926649
41.1720894657	8.069987604231
41.7709512971	8.064766738985
42.3785237744	8.059160252821
42.9949335968	8.053131009340
43.6203093066	8.046640193913
44.2547813156	8.039648259503
44.8984819324	8.032115672425
45.5515453903	8.024003413430
46.2141078749	8.015273529547
46.8863075528	8.005889325879
47.5682846001	7.995815453679
48.260181232	7.985018568989
48.9621417322	7.973467579083
49.6743124829	7.961133652368
50.3968419958	7.947989767051
51.1298809424	7.934010243134
51.873582186	7.919170401066
52.6281008133	7.903446256089
53.3935941668	7.886813901604
54.1702218775	7.869248691242
54.9581458983	7.850724785666
55.757530538	7.831214846513
56.5685424949	7.810689922360
57.3913508924	7.789119741643
58.2261273137	7.766473162294
59.0730458376	7.742718694946
59.9322830751	7.717825095841
60.804018206	7.691762025814
61.6884330163	7.664500771425
62.5857119363	7.636015023558
63.4960420787	7.606281622217
64.419613278	7.575280908134
65.3566181296	7.542996653402
66.3072520307	7.509416031214
67.2717132203	7.474529889721
68.2502028209	7.438333142236
69.2429248805	7.400824727978
70.2500864149	7.362007644333
71.2718974512	7.321889142953
72.3085710713	7.280480374308
73.3603234564	7.237796008823
74.4273739322	7.193853979045
75.5099450145	7.148674930963
76.6082624559	7.102281881898
77.7225552923	7.054699796828
78.8530558912	7.005955178913
80	6.956075569129
81.163626795	6.905088664550
82.3441789315	6.853022209982
83.5419025942	6.799903302158
84.7570475487	6.745757966274
85.9898671937	6.690611296679
87.2406186132	6.634487731584
88.5095626311	6.577411295325
89.7969638648	6.519406133831
91.1030907805	6.460497129209
92.4282157498	6.400710748957
93.7726151055	6.340075861415
95.1365692002	6.278624286448
96.520362464	6.216391132881
97.9242834644	6.153414305750
99.3486249659	6.089733333053
100.793683992	6.025388399825
102.259761885	5.960419235404
103.747164372	5.894864615025
105.256201627	5.828762650358
106.787188334	5.762151789581
108.340443755	5.695072411438
109.916291797	5.627568884471
111.515061076	5.559691179473
113.13708499	5.491495614761
114.782701785	5.423045662611
116.452254627	5.354412779806
118.146091675	5.285676797930
119.86456615	5.216926565571
121.608036412	5.148260549806
123.376866033	5.079787629424
125.171423873	5.011627859436
126.992084157	4.943912368637
128.839226556	4.876783096604
130.713236259	4.810390756064
132.614504061	4.744891484960
134.543426441	4.680443384398
136.500405642	4.617203677995
138.485849761	4.555325284961
140.50017283	4.494953836467
142.543794902	4.436225094928
144.617142143	4.379263116341
146.720646913	4.324178653320
148.854747864	4.271067627900
151.019890029	4.220010633669
153.216524912	4.171072291683
155.445110585	4.124300125177
157.706111782	4.079723310970
160	4.037351742172
162.32725359	3.997175905659
164.688357863	3.959166936616
167.083805188	3.923276751663
169.514095097	3.889438532783
171.979734387	3.857568503566
174.481237226	3.827568272024
177.019125262	3.799326985503
179.59392773	3.772724354792
182.206181561	3.747633231920
184.8564315	3.723923372636
187.545230211	3.701465668857
190.2731384	3.680136175479
193.040724928	3.659819985226
195.848566929	3.640415129910
198.697249932	3.621836553001
201.587367983	3.604019638955
204.51952377	3.586922570703
207.494328744	3.570527510822
210.512403253	3.554841380898
213.574376667	3.539895744802
216.68088751	3.525744971747
219.832583593	3.512463259286
223.030122152	3.500141316240
226.27416998	3.488882197388
229.56540357	3.478796919652
232.904509255	3.469999825222
236.29218335	3.462604145577
239.7291323	3.456716997969
243.216072824	3.452435011666
246.753732065	3.449840938609
250.342847745	3.449000120436
253.984168315	3.449957822699
257.678453112	3.452736013289
261.426472519	3.457331685889
265.229008123	3.463716774689
269.086852881	3.471839623639
273.000811284	3.481627997596
276.971699522	3.492990697437
281.00034566	3.505821292762
285.087589805	3.520003087676
289.234284285	3.535412610772
293.441293826	3.551921910127
297.709495729	3.569401005572
302.039780058	3.587720895714
306.433049824	3.606757083664
310.890221169	3.626392603692
315.412223565	3.646520893832
320	3.667046590701
324.65450718	3.687883310772
329.376715726	3.708951375940
334.167610377	3.730175651113
339.028190195	3.751482081518
343.959468775	3.772794528841
348.962474453	3.794032323039
354.038250524	3.815107295720
359.187855459	3.835921133688
364.412363122	3.856363114440
369.712862999	3.876310436146
375.090460422	3.895627717210
380.546276801	3.914167418712
386.081449856	3.931771025999
391.697133857	3.948271951839
397.394499864	3.963498746146
403.174735966	3.977278240559
409.039047539	3.989441669270
414.988657488	3.999832469417
421.024806507	4.008314543267
427.148753334	4.014780825507
433.36177502	4.019161358699
439.665167187	4.021429428723
446.060244304	4.021603096519
452.548339959	4.019743377397
459.13080714	4.015950626158
465.80901851	4.010358013686
472.584366701	4.003123275847
479.458264601	3.994419141778
486.432145648	3.984420900602
493.507464131	3.973291198680
500.68569549	3.961165118773
507.96833663	3.948140404892
515.356906224	3.934272748490
522.852945037	3.919574382139
530.458016246	3.904019609012
538.173705762	3.887551043024
546.001622567	3.870086737462
553.943399044	3.851526824868
562.000691319	3.831761204046
570.17517961	3.810681720573
578.46856857	3.788191594263
586.882587651	3.764213054754
595.418991457	3.738693278320
604.079560116	3.711611864524
612.866099647	3.682988443055
621.780442338	3.652888575506
630.82444713	3.621427708288
640	3.588775224730
649.30901436	3.555151078347
658.753431452	3.520813823500
668.335220754	3.486044303163
678.05638039	3.451129792823
687.918937549	3.416351026371
697.924948906	3.381968201296
708.076501049	3.348207685092
718.375710918	3.315253007145
728.824726244	3.283237799432
739.425725998	3.252242755836
750.180920844	3.222298479168
761.092553602	3.193393434725
772.162899712	3.165485445212
783.394267715	3.138527233922
794.788999727	3.112499463484
806.349471933	3.087448759323
818.078095079	3.063516976626
829.977314977	3.040948488482
842.049613014	3.020078510902
854.297506669	3.001311000705
866.72355004	2.985095782438
879.330334373	2.971915743557
892.120488607	2.962278763858
905.096679919	2.956710659902
918.261614279	2.955750287278
931.618037019	2.959942506305
945.168733401	2.969831858339
958.916529201	2.985947096947
972.864291295	3.008771941031
987.014928261	3.038695710499
1001.37139098	3.075935812014
1015.93667326	3.118657885499
1030.71381245	3.166695420291
1045.70589007	3.221596756113
1060.91603249	3.284711225487
1076.34741152	3.357020817831
1092.00324513	3.438984538834
1107.88679809	3.530418546417
1124.00138264	3.630416480750
1140.35035922	3.737343921750
1156.93713714	3.848917373749
1173.7651753	3.962358855079
1190.83798291	4.074640511220
1208.15912023	4.185686352063
1225.73219929	4.296285418702
1243.56088468	4.405881663283
1261.64889426	4.514071491433
1280	4.620639549036
1298.61802872	4.725550468746
1317.5068629	4.828910858767
1336.67044151	4.930912303353
1356.11276078	5.031794125411
1375.8378751	5.131813957015
1395.84989781	5.231229150223
1416.1530021	5.330278287432
1436.75142184	5.429173231011
1457.64945249	5.528102683267
1478.851452	5.627244119854
1500.36184169	5.726774423574
1522.1851072	5.826872311810
1544.32579942	5.927723361883
1566.78853543	6.029525415248
1589.57799945	6.132478181886
1612.69894387	6.236771253973
1636.15619016	6.342576506267
1659.95462995	6.450050543631
1684.09922603	6.559344913669
1708.59501334	6.670619863519
1733.44710008	6.784068708797
1758.66066875	6.899948953951
1784.24097721	7.018609076084
1810.19335984	7.140529998820
1836.52322856	7.266380447413
1863.23607404	7.397055029357
1890.3374668	7.533679358335
1917.8330584	7.677574122743
1945.72858259	7.830145180674
1974.02985652	7.992659539488
2002.74278196	8.165902558049
2031.87334652	8.349819058619
2061.4276249	8.543410864853
2091.41178015	8.744932018045
2121.83206498	8.952229999424
2152.69482305	9.163068403189
2184.00649027	9.375340385223
2215.77359618	9.587131477468
2248.00276528	9.796705378764
2280.70071844	10.002441865974
2313.87427428	10.202785137523
2347.5303506	10.396175502419
2381.67596583	10.580992308641
2416.31824047	10.755553689586
2451.46439859	10.918204254016
2487.12176935	11.067548388958
2523.29778852	11.202688497120
2560	11.323420510803
2597.23605744	11.430144767081
2635.01372581	11.523627475939
2673.34088301	11.604733217901
2712.22552156	11.674241668489
2751.6757502	11.732719434684
2791.69979562	11.780507949282
2832.3060042	11.817675535178
2873.50284367	11.843982498486
2915.29890498	11.858758009580
2957.70290399	11.860810310563
3000.72368338	11.848399440635
3044.37021441	11.819345788706
3088.65159885	11.771315967169
3133.57707086	11.702351150716
3179.15599891	11.611505566257
3225.39788773	11.499374459984
3272.31238031	11.367960127959
3319.90925991	11.220070624020
3368.19845205	11.058626139004
3417.19002668	10.886164955925
3466.89420016	10.704653218057
3517.32133749	10.515510804870
3568.48195443	10.319714925118
3620.38671968	10.117996127746
3673.04645712	9.911026641971
3726.47214808	9.699594480790
3780.67493361	9.484796627553
3835.6661168	9.268201806879
3891.45716518	9.051840055574
3948.05971304	8.837978738597
4005.48556392	8.628665852495
4063.74669304	8.425034987510
4122.85524979	8.226987541314
4182.8235603	8.033528766226
4243.66412997	7.843354861084
4305.3896461	7.655337923289
4368.01298054	7.468768555372
4431.54719235	7.283375569753
4496.00553056	7.099214135164
4561.40143688	6.916570844412
4627.74854856	6.735883832563
4695.06070121	6.557756161342
4763.35193166	6.382904393045
4832.63648093	6.212163146099
4902.92879718	6.046422651699
4974.24353871	5.886561296842
5046.59557704	5.733319162794
5120	5.587173341016
5194.47211488	5.448406427771
5270.02745161	5.317166457489
5346.68176603	5.193597751163
5424.45104312	5.077956565211
5503.35150039	4.970592370591
5583.39959125	4.871886978070
5664.61200839	4.782155164250
5747.00568734	4.701642109432
5830.59780995	4.630779928603
5915.40580799	4.570448691491
6001.44736675	4.522228861363
6088.74042881	4.488568202428
6177.3031977	4.472579684775
6267.15414172	4.477411497368
6358.31199782	4.504746477580
6450.79577546	4.553429700330
6544.62476063	4.619846753709
6639.81851981	4.699329261220
6736.39690411	4.787528419848
6834.38005335	4.881082110891
6933.78840032	4.977633040258
7034.64267499	5.075509713747
7136.96390886	5.173275068505
7240.77343935	5.269475391340
7346.09291423	5.362629417658
7452.94429615	5.451148705453
7561.34986721	5.532840918611
7671.33223361	5.604070357177
7782.91433036	5.658914725183
7896.11942609	5.689269103173
8010.97112785	5.686984717101
8127.49338608	5.647863041491
8245.71049958	5.574025028133
8365.64712059	5.471970013049
8487.32825993	5.348550957520
8610.7792922	5.208461663330
8736.02596108	5.054122267701
8863.0943847	4.886701109909
8992.01106111	4.706766733719
9122.80287376	4.514769279231
9255.49709713	4.311288845931
9390.12140242	4.097184810423
9526.70386332	3.873783588438
9665.27296186	3.642910229527
9805.85759435	3.407113130810
9948.48707741	3.169313060758
10093.1911541	2.931781799551
10240	2.655574431465
10388.9442298	2.300357694737
10540.0549032	1.865514652038
10693.3635321	1.356780953640
10848.9020862	0.786296252738
11006.7030008	0.171699692792
11166.7991825	-0.465093688597
11329.2240168	-1.099249534909
11494.0113747	-1.705061721841
11661.1956199	-2.257595328934
11830.811616	-2.734189072983
12002.8947335	-3.115452260870
12177.4808576	-3.440509239559
12354.6063954	-3.749827316149
12534.3082834	-4.033135467734
12716.6239956	-4.280006061878
12901.5915509	-4.485500548201
13089.2495213	-4.649888961436
13279.6370396	-4.768177999557
13472.7938082	-4.834659662205
13668.7601067	-4.849434166958
13867.5768006	-4.818380558213
14069.28535	-4.751392906457
14273.9278177	-4.659654739355
14481.5468787	-4.552399292883
14692.1858285	-4.437570865416
14905.8885923	-4.321237892231
15122.6997344	-4.207326958467
15342.6644672	-4.099455986645
15565.8286607	-4.003795827934
15792.2388522	-3.931466595640
16021.9422557	-3.896800224032
16254.9867722	-3.908600165857
16491.4209992	-3.962338195651
16731.2942412	-4.045102965008
16974.6565199	-4.146688109633
17221.5585844	-4.262458628569
17472.0519222	-4.390807159079
17726.1887694	-4.530745527440
17984.0221222	-4.678543128995
18245.6057475	-4.827021213891
18510.9941943	-4.968209341417
18780.2428048	-5.097811515368
19053.4077266	-5.215249365311
19330.5459237	-5.320664445782
19611.7151887	-5.410922840945
19896.9741548	-5.477563282838
20186.3823082	-5.518079377871
