20	5.167061785570
20.2909066988	5.166143959890
20.5860447329	5.165224973426
20.8854756485	5.164303074033
21.1892618872	5.163375609492
21.4974667984	5.162439255547
21.8101546533	5.161490344851
22.1273906578	5.160524978816
22.4492409662	5.159538910352
22.7757726951	5.158527764778
23.1070539374	5.157487320548
23.4431537764	5.156413571063
23.7841423001	5.155302571959
24.130090616	5.154150567715
24.4810708661	5.152953949849
24.8371562415	5.151709115264
25.1984209979	5.150412346650
25.5649404712	5.149059657471
25.936791093	5.147646650394
26.3140504067	5.146168449396
26.6967970834	5.144619862476
27.0851109387	5.142995369436
27.4790729492	5.141289011707
27.878765269	5.139494505479
28.2842712475	5.137605109758
28.6956754462	5.135613590402
29.1130636568	5.133512118486
29.5365229188	5.131292250559
29.9661415375	5.128944982305
30.402009103	5.126460646568
30.8442165082	5.123829196699
31.2928559682	5.121040479949
31.7480210394	5.118084112543
32.209806639	5.114949744781
32.6783090648	5.111627154616
33.1536260154	5.108106055319
33.6358566101	5.104375868468
34.1251014105	5.100425524013
34.6214624402	5.096243289173
35.1250432075	5.091816627937
35.6359487256	5.087132093164
36.1542855356	5.082175253528
36.6801617282	5.076930657954
37.2136869661	5.071381840605
37.7549725073	5.065511369914
38.3041312279	5.059300912784
38.8612776461	5.052731195115
39.4265279456	5.045781932430
40	5.038431947020
40.5818133975	5.030659311400
41.1720894657	5.022441569067
41.7709512971	5.013755616134
42.3785237744	5.004577540433
42.9949335968	4.994882576059
43.6203093066	4.984645272709
44.2547813156	4.973839648093
44.8984819324	4.962439276780
45.5515453903	4.950417193238
46.2141078749	4.937746001901
46.8863075528	4.924397775537
47.5682846001	4.910343547665
48.260181232	4.895553556964
48.9621417322	4.879997280642
49.6743124829	4.863643121125
50.3968419958	4.846458666773
51.1298809424	4.828410963001
51.873582186	4.809466593252
52.6281008133	4.789591609389
53.3935941668	4.768751381638
54.1702218775	4.746910657867
54.9581458983	4.724033560371
55.757530538	4.700083495041
56.5685424949	4.675023210603
57.3913508924	4.648814892751
58.2261273137	4.621420688924
59.0730458376	4.592803312034
59.9322830751	4.562926431538
60.804018206	4.531754911070
61.6884330163	4.499254695527
62.5857119363	4.465392989706
63.4960420787	4.430138451407
64.419613278	4.393461845539
65.3566181296	4.355336419794
66.3072520307	4.315738024267
67.2717132203	4.274645245705
68.2502028209	4.232039604875
69.2429248805	4.187905809451
70.2500864149	4.142232053733
71.2718974512	4.095010355451
72.3085710713	4.046236918817
73.3603234564	3.995912511774
74.4273739322	3.944042844145
75.5099450145	3.890638931986
76.6082624559	3.835717464602
77.7225552923	3.779301211746
78.8530558912	3.721419151639
80	3.662106429656
81.163626795	3.601404872356
82.3441789315	3.539362665117
83.5419025942	3.476034280846
84.7570475487	3.411480337469
85.9898671937	3.345767746062
87.2406186132	3.278969626852
88.5095626311	3.211165425008
89.7969638648	3.142440585187
91.1030907805	3.072885332327
92.4282157498	3.002593612312
93.7726151055	2.931661535130
95.1365692002	2.860186264659
96.520362464	2.788264111830
97.9242834644	2.715988256674
99.3486249659	2.643445881636
100.793683992	2.570714590453
102.259761885	2.497859065412
103.747164372	2.424928802256
105.256201627	2.351957135109
106.787188334	2.278961589923
108.340443755	2.205945133199
109.916291797	2.132898103107
111.515061076	2.059800186293
113.13708499	1.986622452739
114.782701785	1.913330099104
116.452254627	1.839885317683
118.146091675	1.766250056398
119.86456615	1.692389339424
121.608036412	1.618274948827
123.376866033	1.543889031375
125.171423873	1.469227665631
126.992084157	1.394303401376
128.839226556	1.319147047544
130.713236259	1.243807610862
132.614504061	1.168351491677
134.543426441	1.092861994223
136.500405642	1.017438939661
138.485849761	0.942197547440
140.50017283	0.867266818204
142.543794902	0.792788342179
144.617142143	0.718914743992
146.720646913	0.645807727007
148.854747864	0.573636730490
151.019890029	0.502577435749
153.216524912	0.432809452805
155.445110585	0.364513345647
157.706111782	0.297867595121
160	0.233045932694
162.32725359	0.170214908021
164.688357863	0.109531721602
167.083805188	0.051142977147
169.514095097	-0.004816831493
171.979734387	-0.058227162825
174.481237226	-0.108982189692
177.019125262	-0.156991617365
179.59392773	-0.202181477489
182.206181561	-0.244494582599
184.8564315	-0.283890612725
187.545230211	-0.320345834301
190.2731384	-0.353852408955
193.040724928	-0.384417486347
195.848566929	-0.412062571123
198.697249932	-0.436821758832
201.587367983	-0.458740622611
204.51952377	-0.477874841044
207.494328744	-0.494288102288
210.512403253	-0.508051041601
213.574376667	-0.519240504599
216.68088751	-0.527939245083
219.832583593	-0.534235346730
223.030122152	-0.538220855370
226.27416998	-0.539991299718
229.56540357	-0.539644177216
232.904509255	-0.537278264124
236.29218335	-0.532993635023
239.7291323	-0.526891801375
243.216072824	-0.519075732076
246.753732065	-0.509650064290
250.342847745	-0.498720530637
253.984168315	-0.486392890728
257.678453112	-0.472772859017
261.426472519	-0.457965947402
265.229008123	-0.442076866597
269.086852881	-0.425209592554
273.000811284	-0.407467313932
276.971699522	-0.388951845998
281.00034566	-0.369762314066
285.087589805	-0.349994496704
289.234284285	-0.329739692146
293.441293826	-0.309084803261
297.709495729	-0.288113659575
302.039780058	-0.266906669120
306.433049824	-0.245539233051
310.890221169	-0.224080385786
315.412223565	-0.202591739171
320	-0.181128016392
324.65450718	-0.159737331171
329.376715726	-0.138461317640
334.167610377	-0.117337672389
339.028190195	-0.096402253552
343.959468775	-0.075691571466
348.962474453	-0.055245878421
354.038250524	-0.035111390594
359.187855459	-0.015342710620
364.412363122	0.003994221629
369.712862999	0.022820262205
375.090460422	0.041041795399
380.546276801	0.058551221440
386.081449856	0.075227260881
391.697133857	0.090933347790
397.394499864	0.105516063610
403.174735966	0.118806212618
409.039047539	0.130622140849
414.988657488	0.140775407978
421.024806507	0.149079172600
427.148753334	0.155355688543
433.36177502	0.159443304813
439.665167187	0.161205051894
446.060244304	0.160537358234
452.548339959	0.157377535997
459.13080714	0.151709250115
465.80901851	0.143565081397
472.584366701	0.133025191659
479.458264601	0.120212702613
486.432145648	0.105285603006
493.507464131	0.088427757745
500.68569549	0.069838861142
507.96833663	0.049721641880
515.356906224	0.028272823882
522.852945037	0.005675678027
530.458016246	-0.017902829472
538.173705762	-0.042311627210
546.001622567	-0.067416467221
553.943399044	-0.093103845896
562.000691319	-0.119286181429
570.17517961	-0.145900534635
578.46856857	-0.172907688936
586.882587651	-0.200290161592
595.418991457	-0.228046522416
604.079560116	-0.256185483397
612.866099647	-0.284721861093
621.780442338	-0.313670040497
630.82444713	-0.343035290378
640	-0.372806921357
649.30901436	-0.402953471106
658.753431452	-0.433423562490
668.335220754	-0.464153347628
678.05638039	-0.495075637456
687.918937549	-0.526125621459
697.924948906	-0.557242897006
708.076501049	-0.588374360103
718.375710918	-0.619479362233
728.824726244	-0.650533035239
739.425725998	-0.681525400891
750.180920844	-0.712457009564
761.092553602	-0.743335017228
772.162899712	-0.774164135369
783.394267715	-0.804926027569
794.788999727	-0.835552235938
806.349471933	-0.865899772922
818.078095079	-0.895737105146
829.977314977	-0.924742989026
842.049613014	-0.952520564290
854.297506669	-0.978620017355
866.72355004	-1.002559884272
879.330334373	-1.023845906005
892.120488607	-1.041983420218
905.096679919	-1.056484219598
918.261614279	-1.066864497043
931.618037019	-1.072642853858
945.168733401	-1.073340356017
958.916529201	-1.068489853150
972.864291295	-1.057664942247
987.014928261	-1.040524061227
1001.37139098	-1.016759376226
1015.93667326	-0.980003354128
1030.71381245	-0.922711647293
1045.70589007	-0.846910366611
1060.91603249	-0.754625622974
1076.34741152	-0.647883527273
1092.00324513	-0.528710190398
1107.88679809	-0.399131723241
1124.00138264	-0.261174236694
1140.35035922	-0.116863841647
1156.93713714	0.031773351009
1173.7651753	0.182711230381
1190.83798291	0.333923685580
1208.15912023	0.483384605714
1225.73219929	0.629067879892
1243.56088468	0.768947397222
1261.64889426	0.900997046814
1280	1.024189224888
1298.61802872	1.145790438355
1317.5068629	1.265764211231
1336.67044151	1.384141253601
1356.11276078	1.500985323767
1375.8378751	1.616365406752
1395.84989781	1.730343889107
1416.1530021	1.842965069850
1436.75142184	1.954256790246
1457.64945249	2.064235525184
1478.851452	2.172912067922
1500.36184169	2.280302074865
1522.1851072	2.386425732242
1544.32579942	2.491307600955
1566.78853543	2.594997042911
1589.57799945	2.697576722541
1612.69894387	2.799162810921
1636.15619016	2.899898854295
1659.95462995	2.999942879186
1684.09922603	3.099457124290
1708.59501334	3.198615515616
1733.44710008	3.297630687260
1758.66066875	3.396782979683
1784.24097721	3.496461775616
1810.19335984	3.597210746104
1836.52322856	3.699769660525
1863.23607404	3.805112349082
1890.3374668	3.914457578435
1917.8330584	4.029220303098
1945.72858259	4.150883101813
1974.02985652	4.280769116067
2002.74278196	4.419735592943
2031.87334652	4.567863058065
2061.4276249	4.724364219196
2091.41178015	4.887752468023
2121.83206498	5.056147538728
2152.69482305	5.227570366881
2184.00649027	5.400135913451
2215.77359618	5.572127249202
2248.00276528	5.741996768573
2280.70071844	5.908295124568
2313.87427428	6.069605609037
2347.5303506	6.224470984151
2381.67596583	6.371356795270
2416.31824047	6.508679584949
2451.46439859	6.634897363262
2487.12176935	6.748699924765
2523.29778852	6.849186594300
2560	6.936019527673
2597.23605744	7.009368856248
2635.01372581	7.069715671867
2673.34088301	7.117639426326
2712.22552156	7.153671606293
2751.6757502	7.178197275706
2791.69979562	7.191449125059
2832.3060042	7.193503556559
2873.50284367	7.184242370676
2915.29890498	7.163212193174
2957.70290399	7.129522087064
3000.72368338	7.081821375937
3044.37021441	7.018383020598
3088.65159885	6.937373424905
3133.57707086	6.837300162712
3179.15599891	6.717545664167
3225.39788773	6.578753374986
3272.31238031	6.422686383429
3319.90925991	6.251762489546
3368.19845205	6.068492130952
3417.19002668	5.875038473051
3466.89420016	5.673037115936
3517.32133749	5.463628540171
3568.48195443	5.247609827754
3620.38671968	5.025646548457
3673.04645712	4.798462931035
3726.47214808	4.567009105920
3780.67493361	4.332599271907
3835.6661168	4.096957235615
3891.45716518	3.862188117326
3948.05971304	3.630594943813
4005.48556392	3.404285001341
4063.74669304	3.184587971045
4122.85524979	2.971762332522
4182.8235603	2.765197722973
4243.66412997	2.563930372632
4305.3896461	2.367131903282
4368.01298054	2.174333914074
4431.54719235	1.985439561091
4496.00553056	1.800674197833
4561.40143688	1.620535386388
4627.74854856	1.445689990195
4695.06070121	1.276952906977
4763.35193166	1.115226066684
4832.63648093	0.961517484806
4902.92879718	0.816879181426
4974.24353871	0.682298888464
5046.59557704	0.558672294184
5120	0.446673353313
5194.47211488	0.346784474557
5270.02745161	0.259324893924
5346.68176603	0.184538311051
5424.45104312	0.122742103836
5503.35150039	0.074347705616
5583.39959125	0.039771480642
5664.61200839	0.019370825415
5747.00568734	0.013435412038
5830.59780995	0.022448944574
5915.40580799	0.047377521920
6001.44736675	0.089859765210
6088.74042881	0.152252373244
6177.3031977	0.237455941440
6267.15414172	0.348240390200
6358.31199782	0.485879619481
6450.79577546	0.649174465895
6544.62476063	0.834755558867
6639.81851981	1.038118374357
6736.39690411	1.254719556441
6834.38005335	1.480572697716
6933.78840032	1.712168590148
7034.64267499	1.946024987681
7136.96390886	2.178296813347
7240.77343935	2.404575235301
7346.09291423	2.619749166452
7452.94429615	2.818128661263
7561.34986721	2.993692900719
7671.33223361	3.140164573766
7782.91433036	3.250677658839
7896.11942609	3.318042490077
8010.97112785	3.336733594356
8127.49338608	3.306129986915
8245.71049958	3.231759574220
8365.64712059	3.123568451591
8487.32825993	2.992167288247
8610.7792922	2.845942190692
8736.02596108	2.690403185726
8863.0943847	2.528806264814
8992.01106111	2.363133911261
9122.80287376	2.194503662738
9255.49709713	2.023515228519
9390.12140242	1.850085824465
9526.70386332	1.673483323843
9665.27296186	1.492428963440
9805.85759435	1.305312213334
9948.48707741	1.110061823029
10093.1911541	0.904033588508
10240	0.611000464847
10388.9442298	0.153610677816
10540.0549032	-0.468857381674
10693.3635321	-1.240752112707
10848.9020862	-2.129673414494
11006.7030008	-3.087982769342
11166.7991825	-4.056459926409
11329.2240168	-4.970155761151
11494.0113747	-5.766174915837
11661.1956199	-6.390736385923
11830.811616	-6.808880023063
12002.8947335	-7.001485915067
12177.4808576	-7.072393557595
12354.6063954	-7.133886572179
12534.3082834	-7.201340689881
12716.6239956	-7.284878757167
12901.5915509	-7.387019169411
13089.2495213	-7.503633074796
13279.6370396	-7.629312072063
13472.7938082	-7.758749942824
13668.7601067	-7.886378104512
13867.5768006	-8.007704164186
14069.28535	-8.120105690439
14273.9278177	-8.222377559163
14481.5468787	-8.312870542200
14692.1858285	-8.390519387113
14905.8885923	-8.455967368165
15122.6997344	-8.511399137847
15342.6644672	-8.562006646950
15565.8286607	-8.618496254386
15792.2388522	-8.698730793623
16021.9422557	-8.825648661042
16254.9867722	-9.019469650676
16491.4209992	-9.288202193930
16731.2942412	-9.625287466979
16974.6565199	-10.016945720789
17221.5585844	-10.447773491144
17472.0519222	-10.902269730876
17726.1887694	-11.366308364777
17984.0221222	-11.828873055539
18245.6057475	-12.282805784903
18510.9941943	-12.724934720459
18780.2428048	-13.155849944430
19053.4077266	-13.571978446929
19330.5459237	-13.947984698459
19611.7151887	-14.225201584876
19896.9741548	-14.356251268695
20186.3823082	-14.388267256341
