20	95.403532000000
20.2909066988	95.403532000000
20.5860447329	95.403532000000
20.8854756485	95.403532000000
21.1892618872	95.403532000000
21.4974667984	95.403532000000
21.8101546533	95.403532000000
22.1273906578	95.403532000000
22.4492409662	95.403532000000
22.7757726951	95.403532000000
23.1070539374	95.403532000000
23.4431537764	95.403532000000
23.7841423001	95.403532000000
24.130090616	95.403532000000
24.4810708661	95.403532000000
24.8371562415	95.403532000000
25.1984209979	95.403532000000
25.5649404712	95.403532000000
25.936791093	95.403532000000
26.3140504067	95.403532000000
26.6967970834	95.403532000000
27.0851109387	95.403532000000
27.4790729492	95.403532000000
27.878765269	95.403532000000
28.2842712475	95.403531999517
28.6956754462	95.402734998517
29.1130636568	95.401358001124
29.5365229188	95.399961000266
29.9661415375	95.398544001514
30.402009103	95.397106999658
30.8442165082	95.395648001611
31.2928559682	95.394168000104
31.7480210394	95.392666999869
32.209806639	95.391144001182
32.6783090648	95.389597999785
33.1536260154	95.388030999949
33.6358566101	95.386440001277
34.1251014105	95.384825998637
34.6214624402	95.383188998537
35.1250432075	95.381527999311
35.6359487256	95.379843000898
36.1542855356	95.378133001521
36.6801617282	95.376399000890
37.2136869661	95.374639000111
37.7549725073	95.372853001614
38.3041312279	95.371041999243
38.8612776461	95.369204001159
39.4265279456	95.367340000178
40	95.365448000000
40.5818133975	95.363528998679
41.1720894657	95.361581998453
41.7709512971	95.359606999013
42.3785237744	95.357603000739
42.9949335968	95.354025002323
43.6203093066	95.345151995618
44.2547813156	95.336149995490
44.8984819324	95.327017000953
45.5515453903	95.317750994376
46.2141078749	95.308272001777
46.8863075528	95.294833008877
47.5682846001	95.281199007937
48.260181232	95.267365995226
48.9621417322	95.253026005432
49.6743124829	95.238221989888
50.3968419958	95.223203000087
51.1298809424	95.207003001263
51.873582186	95.188880995434
52.6281008133	95.170496004515
53.3935941668	95.153761996459
54.1702218775	95.137394002564
54.9581458983	95.120787002128
55.757530538	95.102946010238
56.5685424949	95.084691988525
57.3913508924	95.065753002458
58.2261273137	95.045352992279
59.0730458376	95.024657003941
59.9322830751	95.001515997953
60.804018206	94.977919995173
61.6884330163	94.957340999623
62.5857119363	94.936746001451
63.4960420787	94.916268998240
64.419613278	94.895767993588
65.3566181296	94.874308996789
66.3072520307	94.850935999094
67.2717132203	94.822697990345
68.2502028209	94.780124007736
69.2429248805	94.728750006140
70.2500864149	94.686523978845
71.2718974512	94.634801981992
72.3085710713	94.593726997199
73.3603234564	94.552704982338
74.4273739322	94.511708002587
75.5099450145	94.470695999453
76.6082624559	94.429669980661
77.7225552923	94.382741985750
78.8530558912	94.328024005227
80	94.273291000000
81.163626795	94.229893007591
82.3441789315	94.188874002364
83.5419025942	94.140841016157
84.7570475487	94.086113020178
85.9898671937	94.042014992282
87.2406186132	93.992524015194
88.5095626311	93.937786015798
89.7969638648	93.882712005744
91.1030907805	93.800677013685
92.4282157498	93.718620015383
93.7726151055	93.639776995203
95.1365692002	93.578228988036
96.520362464	93.496138977375
97.9242834644	93.428180976212
99.3486249659	93.355742001723
100.793683992	93.273679000474
102.259761885	93.191633006399
103.747164372	93.114316986417
105.256201627	93.059625013433
106.787188334	92.992908987321
108.340443755	92.934303009179
109.916291797	92.863830009029
111.515061076	92.794171996632
113.13708499	92.722741000444
114.782701785	92.653790008949
116.452254627	92.547976023447
118.146091675	92.465911015625
119.86456615	92.383865994676
121.608036412	92.322485987160
123.376866033	92.267746998998
125.171423873	92.213070003853
126.992084157	92.158379995303
128.839226556	92.103676013056
130.713236259	92.033898992373
132.614504061	91.978375998245
134.543426441	91.923690987596
136.500405642	91.868993009939
138.485849761	91.814281006539
140.50017283	91.773387003429
142.543794902	91.740493001559
144.617142143	91.707684998038
146.720646913	91.678953001183
148.854747864	91.651452001736
151.019890029	91.618732999603
153.216524912	91.588952001188
155.445110585	91.561523005076
157.706111782	91.537468002298
160	91.513918000000
162.32725359	91.490570004084
164.688357863	91.467028001357
167.083805188	91.445927998396
169.514095097	91.425378999182
171.979734387	91.404841996810
174.481237226	91.384386998171
177.019125262	91.364036998147
179.59392773	91.345975001884
182.206181561	91.327650003057
184.8564315	91.313679998116
187.545230211	91.303611999204
190.2731384	91.293396998490
193.040724928	91.283034000267
195.848566929	91.272519000265
198.697249932	91.263022000226
201.587367983	91.253515000055
204.51952377	91.243870000752
207.494328744	91.234085000835
210.512403253	91.224157000804
213.574376667	91.233797998960
216.68088751	91.243932998413
219.832583593	91.254213998683
223.030122152	91.264645000527
226.27416998	91.275822999931
229.56540357	91.288260998386
232.904509255	91.300881000970
236.29218335	91.313684001634
239.7291323	91.329596001577
243.216072824	91.347776999088
246.753732065	91.366223000247
250.342847745	91.379723999049
253.984168315	91.393352001187
257.678453112	91.407178000430
261.426472519	91.421492998175
265.229008123	91.436289000482
269.086852881	91.451300999541
273.000811284	91.467405001303
276.971699522	91.485517997835
281.00034566	91.503894998459
285.087589805	91.522036999140
289.234284285	91.540254001300
293.441293826	91.559292999216
297.709495729	91.582609998529
302.039780058	91.606579000363
306.433049824	91.633827998913
310.890221169	91.663208001239
315.412223565	91.696100996858
320	91.723803000000
324.65450718	91.751253001048
329.376715726	91.778533998428
334.167610377	91.805908002138
339.028190195	91.833293001087
343.959468775	91.860588998761
348.962474453	91.888079002446
354.038250524	91.915298997468
359.187855459	91.942733002416
364.412363122	91.970035000635
369.712862999	91.997392999996
375.090460422	92.024800002126
380.546276801	92.052079999012
386.081449856	92.079920999282
391.697133857	92.120922998967
397.394499864	92.161923999025
403.174735966	92.212705999707
409.039047539	92.248906997177
414.988657488	92.281757002682
421.024806507	92.314665997330
427.148753334	92.347398001780
433.36177502	92.380225000104
439.665167187	92.413147000962
446.060244304	92.445895001547
452.548339959	92.478698999796
459.13080714	92.511599000690
465.80901851	92.544395997609
472.584366701	92.583074998303
479.458264601	92.619511997898
486.432145648	92.652421998350
493.507464131	92.685196000601
500.68569549	92.717989002231
507.96833663	92.750875998340
515.356906224	92.783700000985
522.852945037	92.816471000162
530.458016246	92.849336001055
538.173705762	92.882209998995
546.001622567	92.914957998203
553.943399044	92.947801000181
562.000691319	92.980726001288
570.17517961	93.013450998449
578.46856857	93.046270998312
586.882587651	93.079918998614
595.418991457	93.120960002181
604.079560116	93.161954000547
612.866099647	93.202961998365
621.780442338	93.243986001546
630.82444713	93.285024000585
640	93.326077000000
649.30901436	93.367145001577
658.753431452	93.408218001947
668.335220754	93.449206998953
678.05638039	93.483360001434
687.918937549	93.519363998366
697.924948906	93.560423999616
708.076501049	93.601499000196
718.375710918	93.642526999676
728.824726244	93.676000000851
739.425725998	93.712654999994
750.180920844	93.751186999446
761.092553602	93.784053998809
772.162899712	93.816804999155
783.394267715	93.849650999173
794.788999727	93.882568999217
806.349471933	93.915296999811
818.078095079	93.945270000183
829.977314977	93.972684999947
842.049613014	93.992779000020
854.297506669	94.011010999511
866.72355004	94.028791000047
879.330334373	94.043516000439
892.120488607	94.058454999545
905.096679919	94.073611999906
918.261614279	94.089797000346
931.618037019	94.106222000024
945.168733401	94.123235000598
958.916529201	94.143587000300
972.864291295	94.164236000543
987.014928261	94.190057000504
1001.37139098	94.217543999964
1015.93667326	94.244774000562
1030.71381245	94.276504001235
1045.70589007	94.317570000202
1060.91603249	94.358650001050
1076.34741152	94.391370999000
1092.00324513	94.428747000350
1107.88679809	94.469791000244
1124.00138264	94.514116999014
1140.35035922	94.568816000730
1156.93713714	94.623529000461
1173.7651753	94.678255000975
1190.83798291	94.732995999729
1208.15912023	94.803502000894
1225.73219929	94.870594001364
1243.56088468	94.952646998523
1261.64889426	95.015160001109
1280	95.093038000000
1298.61802872	95.175124998775
1317.5068629	95.257209999585
1336.67044151	95.339247997905
1356.11276078	95.445087998811
1375.8378751	95.574626000643
1395.84989781	95.704192998789
1416.1530021	95.833789000506
1436.75142184	95.939575999164
1457.64945249	96.045383003276
1478.851452	96.186517999977
1500.36184169	96.303179998324
1522.1851072	96.467299001520
1544.32579942	96.631448002533
1566.78853543	96.764449002462
1589.57799945	96.894010002564
1612.69894387	97.023600999251
1636.15619016	97.145504000777
1659.95462995	97.262156999773
1684.09922603	97.412271000146
1708.59501334	97.542945002246
1733.44710008	97.707062000670
1758.66066875	97.918714997887
1784.24097721	98.082833001368
1810.19335984	98.246982998980
1836.52322856	98.411109997265
1863.23607404	98.575252000299
1890.3374668	98.786883998470
1917.8330584	98.951018002384
1945.72858259	99.115164997610
1974.02985652	99.279290997249
2002.74278196	99.443446999784
2031.87334652	99.632047996911
2061.4276249	99.819219999341
2091.41178015	100.030830001042
2121.83206498	100.242476999884
2152.69482305	100.406603000262
2184.00649027	100.570746001401
2215.77359618	100.734881000902
2248.00276528	100.899017001812
2280.70071844	101.110656002189
2313.87427428	101.274784001382
2347.5303506	101.438937998083
2381.67596583	101.590435999249
2416.31824047	101.719724001555
2451.46439859	101.836343998644
2487.12176935	101.953002001147
2523.29778852	102.069630998460
2560	102.190782000000
2597.23605744	102.302919001100
2635.01372581	102.396659999526
2673.34088301	102.460704000023
2712.22552156	102.521938999312
2751.6757502	102.592446000271
2791.69979562	102.647152999489
2832.3060042	102.701874000262
2873.50284367	102.756608999567
2915.29890498	102.811356999970
2957.70290399	102.844630999995
3000.72368338	102.866743000109
3044.37021441	102.879213000117
3088.65159885	102.891864999957
3133.57707086	102.904699999960
3179.15599891	102.898255000013
3225.39788773	102.885742000072
3272.31238031	102.873046999914
3319.90925991	102.860100000025
3368.19845205	102.832886999969
3417.19002668	102.805463000180
3466.89420016	102.778146999890
3517.32133749	102.743487999602
3568.48195443	102.702441999633
3620.38671968	102.658400000274
3673.04645712	102.594117999820
3726.47214808	102.512045999884
3780.67493361	102.429944000594
3835.6661168	102.347897000290
3891.45716518	102.289545999735
3948.05971304	102.207511999954
4005.48556392	102.148709000077
4063.74669304	102.078233999954
4122.85524979	102.008776000245
4182.8235603	101.937144999662
4243.66412997	101.868393000038
4305.3896461	101.786350999843
4368.01298054	101.688139000719
4431.54719235	101.607469999630
4496.00553056	101.540129000461
4561.40143688	101.466379000136
4627.74854856	101.411673000358
4695.06070121	101.341389999831
4763.35193166	101.286378000273
4832.63648093	101.224792000061
4902.92879718	101.142700999736
4974.24353871	101.036905000432
5046.59557704	100.956691999969
5120	100.896513000000
5194.47211488	100.815597000129
5270.02745161	100.760918000277
5346.68176603	100.706224999980
5424.45104312	100.651518999892
5503.35150039	100.581115999593
5583.39959125	100.499084999819
5664.61200839	100.439822999663
5747.00568734	100.369341999773
5830.59780995	100.314627000030
5915.40580799	100.268857000007
6001.44736675	100.227822000116
6088.74042881	100.182152000097
6177.3031977	100.133878000163
6267.15414172	100.092826000127
6358.31199782	100.051759000082
6450.79577546	100.010679999743
6544.62476063	99.958865000203
6639.81851981	99.926083000064
6736.39690411	99.893292999963
6834.38005335	99.860409999883
6933.78840032	99.827576999876
7034.64267499	99.788306000006
7136.96390886	99.747284000056
7240.77343935	99.706246999848
7346.09291423	99.660866999893
7452.94429615	99.612302999942
7561.34986721	99.571248999917
7671.33223361	99.528362000151
7782.91433036	99.473673999823
7896.11942609	99.418972999946
8010.97112785	99.349744000091
8127.49338608	99.267704999946
8245.71049958	99.185637000289
8365.64712059	99.079822000355
8487.32825993	98.973987000058
8610.7792922	98.865633999814
8736.02596108	98.749005999929
8863.0943847	98.632341000270
8992.01106111	98.515720999898
9122.80287376	98.397389000218
9255.49709713	98.234938999846
9390.12140242	98.070791999496
9526.70386332	97.906661999620
9665.27296186	97.742522000164
9805.85759435	97.625876999590
9948.48707741	97.461744999664
10093.1911541	97.345090999914
10240	97.180966999999
10388.9442298	97.016808000262
10540.0549032	96.852691999752
10693.3635321	96.688534999952
10848.9020862	96.557689999771
11006.7030008	96.407762000200
11166.7991825	96.291127999554
11329.2240168	96.145257000194
11494.0113747	96.010344000253
11661.1956199	95.846211000089
11830.811616	95.682063000026
12002.8947335	95.565433000330
12177.4808576	95.448771000247
12354.6063954	95.332147999740
12534.3082834	95.215484999740
12716.6239956	95.108733000213
12901.5915509	94.982207000052
13089.2495213	94.865574999840
13279.6370396	94.748927000227
13472.7938082	94.637961999908
13668.7601067	94.555898000124
13867.5768006	94.450070000193
14069.28535	94.368018000012
14273.9278177	94.262177000145
14481.5468787	94.144068000169
14692.1858285	94.027402999715
14905.8885923	93.897267999817
15122.6997344	93.767711999796
15342.6644672	93.661890999873
15565.8286607	93.532331000157
15792.2388522	93.402741999904
16021.9422557	93.280070000161
16254.9867722	93.115925999892
16491.4209992	92.951797999889
16731.2942412	92.787643999871
16974.6565199	92.623524000090
17221.5585844	92.459362999738
17472.0519222	92.295248999900
17726.1887694	92.131095999739
17984.0221222	91.966971999859
18245.6057475	91.802827000302
18510.9941943	91.638693999862
18780.2428048	91.491790000091
19053.4077266	91.385976000140
19330.5459237	91.324760000061
19611.7151887	91.271477000055
19896.9741548	91.271477000000
20186.3823082	91.271477000000
