20	0.000000000000
20.2909066988	0.000000000000
20.5860447329	0.000000000000
20.8854756485	0.000000000000
21.1892618872	0.000000000000
21.4974667984	0.000000000000
21.8101546533	0.000000000000
22.1273906578	0.000000000000
22.4492409662	0.000000000000
22.7757726951	0.000000000000
23.1070539374	0.000000000000
23.4431537764	0.000000000000
23.7841423001	0.000000000000
24.130090616	0.000000000000
24.4810708661	0.000000000000
24.8371562415	0.000000000000
25.1984209979	0.000000000000
25.5649404712	0.000000000000
25.936791093	0.000000000000
26.3140504067	0.000000000000
26.6967970834	0.000000000000
27.0851109387	0.000000000000
27.4790729492	0.000000000000
27.878765269	0.000000000000
28.2842712475	0.000000000000
28.6956754462	0.000000000000
29.1130636568	0.000000000000
29.5365229188	0.000000000000
29.9661415375	0.000000000000
30.402009103	0.000000000000
30.8442165082	0.000000000000
31.2928559682	0.000000000000
31.7480210394	0.000000000000
32.209806639	0.000000000000
32.6783090648	0.000000000000
33.1536260154	0.000000000000
33.6358566101	0.000000000000
34.1251014105	0.000000000000
34.6214624402	0.000000000000
35.1250432075	0.000000000000
35.6359487256	0.000000000000
36.1542855356	0.000000000000
36.6801617282	0.000000000000
37.2136869661	0.000000000000
37.7549725073	0.000000000000
38.3041312279	0.000000000000
38.8612776461	0.000000000000
39.4265279456	0.000000000000
40	0.000000000000
40.5818133975	0.000000000000
41.1720894657	0.000000000000
41.7709512971	0.000000000000
42.3785237744	0.000000000000
42.9949335968	0.000000000000
43.6203093066	0.000000000000
44.2547813156	0.000000000000
44.8984819324	0.000000000000
45.5515453903	0.000000000000
46.2141078749	0.000000000000
46.8863075528	0.000000000000
47.5682846001	0.000000000000
48.260181232	0.000000000000
48.9621417322	0.000000000000
49.6743124829	0.000000000000
50.3968419958	0.000000000000
51.1298809424	0.000000000000
51.873582186	0.000000000000
52.6281008133	0.000000000000
53.3935941668	0.000000000000
54.1702218775	0.000000000000
54.9581458983	0.000000000000
55.757530538	0.000000000000
56.5685424949	0.000000000000
57.3913508924	0.000000000000
58.2261273137	0.000000000000
59.0730458376	0.000000000000
59.9322830751	0.000000000000
60.804018206	0.000000000000
61.6884330163	0.000000000000
62.5857119363	0.000000000000
63.4960420787	0.000000000000
64.419613278	0.000000000000
65.3566181296	0.000000000000
66.3072520307	0.000000000000
67.2717132203	0.000000000000
68.2502028209	0.000000000000
69.2429248805	0.000000000000
70.2500864149	0.000000000000
71.2718974512	0.000000000000
72.3085710713	0.000000000000
73.3603234564	0.000000000000
74.4273739322	0.000000000000
75.5099450145	0.000000000000
76.6082624559	0.000000000000
77.7225552923	0.000000000000
78.8530558912	0.000000000000
80	0.000000000000
81.163626795	0.000000000000
82.3441789315	0.000000000000
83.5419025942	0.000000000000
84.7570475487	0.000000000000
85.9898671937	0.000000000000
87.2406186132	0.000000000000
88.5095626311	0.000000000000
89.7969638648	0.000000000000
91.1030907805	0.000000000000
92.4282157498	0.000000000000
93.7726151055	0.000000000000
95.1365692002	0.000000000000
96.520362464	0.000000000000
97.9242834644	0.000000000000
99.3486249659	0.000000000000
100.793683992	0.000000000000
102.259761885	0.000000000000
103.747164372	0.000000000000
105.256201627	0.000000000000
106.787188334	0.000000000000
108.340443755	0.000000000000
109.916291797	0.000000000000
111.515061076	0.000000000000
113.13708499	0.000000000000
114.782701785	0.000000000000
116.452254627	0.000000000000
118.146091675	0.000000000000
119.86456615	0.000000000000
121.608036412	0.000000000000
123.376866033	0.000000000000
125.171423873	0.000000000000
126.992084157	0.000000000000
128.839226556	0.000000000000
130.713236259	0.000000000000
132.614504061	0.000000000000
134.543426441	0.000000000000
136.500405642	0.000000000000
138.485849761	0.000000000000
140.50017283	0.000000000000
142.543794902	0.000000000000
144.617142143	0.000000000000
146.720646913	0.000000000000
148.854747864	0.000000000000
151.019890029	0.000000000000
153.216524912	0.000000000000
155.445110585	0.000000000000
157.706111782	0.000000000000
160	0.000000000000
162.32725359	0.000000000000
164.688357863	0.000000000000
167.083805188	0.000000000000
169.514095097	0.000000000000
171.979734387	0.000000000000
174.481237226	0.000000000000
177.019125262	0.000000000000
179.59392773	0.000000000000
182.206181561	0.000000000000
184.8564315	0.000000000000
187.545230211	0.000000000000
190.2731384	0.000000000000
193.040724928	0.000000000000
195.848566929	0.000000000000
198.697249932	0.000000000000
201.587367983	0.000000000000
204.51952377	0.000000000000
207.494328744	0.000000000000
210.512403253	0.000000000000
213.574376667	0.000000000000
216.68088751	0.000000000000
219.832583593	0.000000000000
223.030122152	0.000000000000
226.27416998	0.000000000000
229.56540357	0.000000000000
232.904509255	0.000000000000
236.29218335	0.000000000000
239.7291323	0.000000000000
243.216072824	0.000000000000
246.753732065	0.000000000000
250.342847745	0.000000000000
253.984168315	0.000000000000
257.678453112	0.000000000000
261.426472519	0.000000000000
265.229008123	0.000000000000
269.086852881	0.000000000000
273.000811284	0.000000000000
276.971699522	0.000000000000
281.00034566	0.000000000000
285.087589805	0.000000000000
289.234284285	0.000000000000
293.441293826	0.000000000000
297.709495729	0.000000000000
302.039780058	0.000000000000
306.433049824	0.000000000000
310.890221169	0.000000000000
315.412223565	0.000000000000
320	0.000000000000
324.65450718	0.000000000000
329.376715726	0.000000000000
334.167610377	0.000000000000
339.028190195	0.000000000000
343.959468775	0.000000000000
348.962474453	0.000000000000
354.038250524	0.000000000000
359.187855459	0.000000000000
364.412363122	0.000000000000
369.712862999	0.000000000000
375.090460422	0.000000000000
380.546276801	0.000000000000
386.081449856	0.000000000000
391.697133857	0.000000000000
397.394499864	0.000000000000
403.174735966	0.000000000000
409.039047539	0.000000000000
414.988657488	0.000000000000
421.024806507	0.000000000000
427.148753334	0.000000000000
433.36177502	0.000000000000
439.665167187	0.000000000000
446.060244304	0.000000000000
452.548339959	0.000000000000
459.13080714	0.000000000000
465.80901851	0.000000000000
472.584366701	0.000000000000
479.458264601	0.000000000000
486.432145648	0.000000000000
493.507464131	0.000000000000
500.68569549	0.000000000000
507.96833663	0.000000000000
515.356906224	0.000000000000
522.852945037	0.000000000000
530.458016246	0.000000000000
538.173705762	0.000000000000
546.001622567	0.000000000000
553.943399044	0.000000000000
562.000691319	0.000000000000
570.17517961	0.000000000000
578.46856857	0.000000000000
586.882587651	0.000000000000
595.418991457	0.000000000000
604.079560116	0.000000000000
612.866099647	0.000000000000
621.780442338	0.000000000000
630.82444713	0.000000000000
640	0.000000000000
649.30901436	0.000000000000
658.753431452	0.000000000000
668.335220754	0.000000000000
678.05638039	0.000000000000
687.918937549	0.000000000000
697.924948906	0.000000000000
708.076501049	0.000000000000
718.375710918	0.000000000000
728.824726244	0.000000000000
739.425725998	0.000000000000
750.180920844	0.000000000000
761.092553602	0.000000000000
772.162899712	0.000000000000
783.394267715	0.000000000000
794.788999727	0.000000000000
806.349471933	0.000000000000
818.078095079	0.000000000000
829.977314977	0.000000000000
842.049613014	0.000000000000
854.297506669	0.000000000000
866.72355004	0.000000000000
879.330334373	0.000000000000
892.120488607	0.000000000000
905.096679919	0.000000000000
918.261614279	0.000000000000
931.618037019	0.000000000000
945.168733401	0.000000000000
958.916529201	0.000000000000
972.864291295	0.000000000000
987.014928261	0.000000000000
1001.37139098	-0.000198216040
1015.93667326	-0.025807458172
1030.71381245	-0.091729431135
1045.70589007	-0.192939181260
1060.91603249	-0.323069438728
1076.34741152	-0.474755369030
1092.00324513	-0.640015219772
1107.88679809	-0.810645584404
1124.00138264	-0.978609638164
1140.35035922	-1.136397413763
1156.93713714	-1.277340410339
1173.7651753	-1.395865538354
1190.83798291	-1.487678571129
1208.15912023	-1.549871201834
1225.73219929	-1.580951319105
1243.56088468	-1.580801037120
1261.64889426	-1.550705369625
1280	-1.509901597678
1298.61802872	-1.471193240076
1317.5068629	-1.434828870252
1336.67044151	-1.401047316617
1356.11276078	-1.370075971730
1375.8378751	-1.342128598999
1395.84989781	-1.317403354666
1416.1530021	-1.296080854870
1436.75142184	-1.278322631668
1457.64945249	-1.264269322914
1478.851452	-1.254039717652
1500.36184169	-1.247729491488
1522.1851072	-1.245411001654
1544.32579942	-1.247132337576
1566.78853543	-1.252915500790
1589.57799945	-1.262758525664
1612.69894387	-1.276634307051
1636.15619016	-1.294491201393
1659.95462995	-1.316254979775
1684.09922603	-1.341826643092
1708.59501334	-1.371085507280
1733.44710008	-1.403890963519
1758.66066875	-1.440083849432
1784.24097721	-1.479488439263
1810.19335984	-1.521913592390
1836.52322856	-1.567156519563
1863.23607404	-1.615004581108
1890.3374668	-1.665237052332
1917.8330584	-1.717630876097
1945.72858259	-1.771959080190
1974.02985652	-1.827996839593
2002.74278196	-1.885524051083
2031.87334652	-1.944327838424
2061.4276249	-2.004206223092
2091.41178015	-2.064967865580
2121.83206498	-2.126436693078
2152.69482305	-2.188455591586
2184.00649027	-2.250885926711
2215.77359618	-2.313610147325
2248.00276528	-2.376533387759
2280.70071844	-2.439583956387
2313.87427428	-2.502713785260
2347.5303506	-2.565899774935
2381.67596583	-2.629142973029
2416.31824047	-2.692467564283
2451.46439859	-2.755919594851
2487.12176935	-2.819568428377
2523.29778852	-2.883501710209
2560	-2.947824549131
2597.23605744	-3.012652128716
2635.01372581	-3.078115536598
2673.34088301	-3.144353293241
2712.22552156	-3.211511568528
2751.6757502	-3.279739424842
2791.69979562	-3.349185360839
2832.3060042	-3.419995074791
2873.50284367	-3.492308591097
2915.29890498	-3.566259630986
2957.70290399	-3.641965605124
3000.72368338	-3.719535749221
3044.37021441	-3.799060275960
3088.65159885	-3.880613665664
3133.57707086	-3.964254183135
3179.15599891	-4.050019126775
3225.39788773	-4.137924014826
3272.31238031	-4.227966462928
3319.90925991	-4.320119120633
3368.19845205	-4.414335861178
3417.19002668	-4.510549080091
3466.89420016	-4.608670174507
3517.32133749	-4.708591952751
3568.48195443	-4.810186313394
3620.38671968	-4.913306238968
3673.04645712	-5.017785568030
3726.47214808	-5.123438894723
3780.67493361	-5.230063857073
3835.6661168	-5.337439632109
3891.45716518	-5.445325810663
3948.05971304	-5.553466720899
4005.48556392	-5.661585493566
4063.74669304	-5.769386198205
4122.85524979	-5.876553748311
4182.8235603	-5.982753506252
4243.66412997	-6.087626722543
4305.3896461	-6.190796937066
4368.01298054	-6.291864937571
4431.54719235	-6.390410879280
4496.00553056	-6.485993631524
4561.40143688	-6.578151895044
4627.74854856	-6.666405919515
4695.06070121	-6.750262309371
4763.35193166	-6.829218778366
4832.63648093	-6.902759635422
4902.92879718	-6.970365616668
4974.24353871	-7.031518204451
5046.59557704	-7.085705604475
5120	-7.132430078710
5194.47211488	-7.171214960280
5270.02745161	-7.201612721506
5346.68176603	-7.223212795923
5424.45104312	-7.235650300002
5503.35150039	-7.238614212077
5583.39959125	-7.231854841007
5664.61200839	-7.215191793496
5747.00568734	-7.188520861700
5830.59780995	-7.151819699644
5915.40580799	-7.105153687739
6001.44736675	-7.048678982350
6088.74042881	-6.982644319297
6177.3031977	-6.907390176136
6267.15414172	-6.823349250639
6358.31199782	-6.731043294260
6450.79577546	-6.631077687959
6544.62476063	-6.524134502886
6639.81851981	-6.410963836754
6736.39690411	-6.292374458711
6834.38005335	-6.169221670638
6933.78840032	-6.042395623954
7034.64267499	-5.912807065247
7136.96390886	-5.781372893417
7240.77343935	-5.649001700271
7346.09291423	-5.516579913758
7452.94429615	-5.384957594287
7561.34986721	-5.254935274796
7671.33223361	-5.127251408718
7782.91433036	-5.002571504713
7896.11942609	-4.881478896291
8010.97112785	-4.764467222224
8127.49338608	-4.651935169231
8245.71049958	-4.544182581043
8365.64712059	-4.441409197711
8487.32825993	-4.343716245104
8610.7792922	-4.251109476469
8736.02596108	-4.163503787664
8863.0943847	-4.080730348435
8992.01106111	-4.002545209331
9122.80287376	-3.928639331458
9255.49709713	-3.858649466038
9390.12140242	-3.792170199182
9526.70386332	-3.728765793444
9665.27296186	-3.667982710597
9805.85759435	-3.609361202942
9948.48707741	-3.552447432668
10093.1911541	-3.496788785588
10240	-3.381419269782
10388.9442298	-3.157078755576
10540.0549032	-2.840233545770
10693.3635321	-2.453274262647
10848.9020862	-2.022836861161
11006.7030008	-1.577831339033
11166.7991825	-1.147334158673
11329.2240168	-0.758505367106
11494.0113747	-0.434692051432
11661.1956199	-0.193864987763
11830.811616	-0.047504677188
12002.8947335	0.000000000000
12177.4808576	0.000000000000
12354.6063954	0.000000000000
12534.3082834	0.000000000000
12716.6239956	0.000000000000
12901.5915509	0.000000000000
13089.2495213	0.000000000000
13279.6370396	0.000000000000
13472.7938082	0.000000000000
13668.7601067	0.000000000000
13867.5768006	0.000000000000
14069.28535	0.000000000000
14273.9278177	0.000000000000
14481.5468787	0.000000000000
14692.1858285	0.000000000000
14905.8885923	0.000000000000
15122.6997344	0.000000000000
15342.6644672	0.000000000000
15565.8286607	0.000000000000
15792.2388522	0.000000000000
16021.9422557	0.000000000000
16254.9867722	0.000000000000
16491.4209992	0.000000000000
16731.2942412	0.000000000000
16974.6565199	0.000000000000
17221.5585844	0.000000000000
17472.0519222	0.000000000000
17726.1887694	0.000000000000
17984.0221222	0.000000000000
18245.6057475	0.000000000000
18510.9941943	0.000000000000
18780.2428048	0.000000000000
19053.4077266	0.000000000000
19330.5459237	0.000000000000
19611.7151887	0.000000000000
19896.9741548	0.000000000000
20186.3823082	0.000000000000
