20	0.000000000000
20.2909066988	0.000000000000
20.5860447329	0.000000000000
20.8854756485	0.000000000000
21.1892618872	0.000000000000
21.4974667984	0.000000000000
21.8101546533	0.000000000000
22.1273906578	0.000000000000
22.4492409662	0.000000000000
22.7757726951	0.000000000000
23.1070539374	0.000000000000
23.4431537764	0.000000000000
23.7841423001	0.000000000000
24.130090616	0.000000000000
24.4810708661	0.000000000000
24.8371562415	0.000000000000
25.1984209979	0.000000000000
25.5649404712	0.000000000000
25.936791093	0.000000000000
26.3140504067	0.000000000000
26.6967970834	0.000000000000
27.0851109387	0.000000000000
27.4790729492	0.000000000000
27.878765269	0.000000000000
28.2842712475	0.000000000000
28.6956754462	0.000000000000
29.1130636568	0.000000000000
29.5365229188	0.000000000000
29.9661415375	0.000000000000
30.402009103	0.000000000000
30.8442165082	0.000000000000
31.2928559682	0.000000000000
31.7480210394	0.000000000000
32.209806639	0.000000000000
32.6783090648	0.000000000000
33.1536260154	0.000000000000
33.6358566101	0.000000000000
34.1251014105	0.000000000000
34.6214624402	0.000000000000
35.1250432075	0.000000000000
35.6359487256	0.000000000000
36.1542855356	0.000000000000
36.6801617282	0.000000000000
37.2136869661	0.000000000000
37.7549725073	0.000000000000
38.3041312279	0.000000000000
38.8612776461	0.000000000000
39.4265279456	0.000000000000
40	0.000000000000
40.5818133975	0.000000000000
41.1720894657	0.000000000000
41.7709512971	0.000000000000
42.3785237744	0.000000000000
42.9949335968	0.000000000000
43.6203093066	0.000000000000
44.2547813156	0.000000000000
44.8984819324	0.000000000000
45.5515453903	0.000000000000
46.2141078749	0.000000000000
46.8863075528	0.000000000000
47.5682846001	0.000000000000
48.260181232	0.000000000000
48.9621417322	0.000000000000
49.6743124829	0.000000000000
50.3968419958	0.000000000000
51.1298809424	0.000000000000
51.873582186	0.000000000000
52.6281008133	0.000000000000
53.3935941668	0.000000000000
54.1702218775	0.000000000000
54.9581458983	0.000000000000
55.757530538	0.000000000000
56.5685424949	0.000000000000
57.3913508924	0.000000000000
58.2261273137	0.000000000000
59.0730458376	0.000000000000
59.9322830751	0.000000000000
60.804018206	0.000000000000
61.6884330163	0.000000000000
62.5857119363	0.000000000000
63.4960420787	0.000000000000
64.419613278	0.000000000000
65.3566181296	0.000000000000
66.3072520307	0.000000000000
67.2717132203	0.000000000000
68.2502028209	0.000000000000
69.2429248805	0.000000000000
70.2500864149	0.000000000000
71.2718974512	0.000000000000
72.3085710713	0.000000000000
73.3603234564	0.000000000000
74.4273739322	0.000000000000
75.5099450145	0.000000000000
76.6082624559	0.000000000000
77.7225552923	0.000000000000
78.8530558912	0.000000000000
80	0.000000000000
81.163626795	0.000000000000
82.3441789315	0.000000000000
83.5419025942	0.000000000000
84.7570475487	0.000000000000
85.9898671937	0.000000000000
87.2406186132	0.000000000000
88.5095626311	0.000000000000
89.7969638648	0.000000000000
91.1030907805	0.000000000000
92.4282157498	0.000000000000
93.7726151055	0.000000000000
95.1365692002	0.000000000000
96.520362464	0.000000000000
97.9242834644	0.000000000000
99.3486249659	0.000000000000
100.793683992	0.000000000000
102.259761885	0.000000000000
103.747164372	0.000000000000
105.256201627	0.000000000000
106.787188334	0.000000000000
108.340443755	0.000000000000
109.916291797	0.000000000000
111.515061076	0.000000000000
113.13708499	0.000000000000
114.782701785	0.000000000000
116.452254627	0.000000000000
118.146091675	0.000000000000
119.86456615	0.000000000000
121.608036412	0.000000000000
123.376866033	0.000000000000
125.171423873	0.000000000000
126.992084157	0.000000000000
128.839226556	0.000000000000
130.713236259	0.000000000000
132.614504061	0.000000000000
134.543426441	0.000000000000
136.500405642	0.000000000000
138.485849761	0.000000000000
140.50017283	0.000000000000
142.543794902	0.000000000000
144.617142143	0.000000000000
146.720646913	0.000000000000
148.854747864	0.000000000000
151.019890029	0.000000000000
153.216524912	0.000000000000
155.445110585	0.000000000000
157.706111782	0.000000000000
160	0.000000000000
162.32725359	0.000000000000
164.688357863	0.000000000000
167.083805188	0.000000000000
169.514095097	0.000000000000
171.979734387	0.000000000000
174.481237226	0.000000000000
177.019125262	0.000000000000
179.59392773	0.000000000000
182.206181561	0.000000000000
184.8564315	0.000000000000
187.545230211	0.000000000000
190.2731384	0.000000000000
193.040724928	0.000000000000
195.848566929	0.000000000000
198.697249932	0.000000000000
201.587367983	0.000000000000
204.51952377	0.000000000000
207.494328744	0.000000000000
210.512403253	0.000000000000
213.574376667	0.000000000000
216.68088751	0.000000000000
219.832583593	0.000000000000
223.030122152	0.000000000000
226.27416998	0.000000000000
229.56540357	0.000000000000
232.904509255	0.000000000000
236.29218335	0.000000000000
239.7291323	0.000000000000
243.216072824	0.000000000000
246.753732065	0.000000000000
250.342847745	0.000000000000
253.984168315	0.000000000000
257.678453112	0.000000000000
261.426472519	0.000000000000
265.229008123	0.000000000000
269.086852881	0.000000000000
273.000811284	0.000000000000
276.971699522	0.000000000000
281.00034566	0.000000000000
285.087589805	0.000000000000
289.234284285	0.000000000000
293.441293826	0.000000000000
297.709495729	0.000000000000
302.039780058	0.000000000000
306.433049824	0.000000000000
310.890221169	0.000000000000
315.412223565	0.000000000000
320	0.000000000000
324.65450718	0.000000000000
329.376715726	0.000000000000
334.167610377	0.000000000000
339.028190195	0.000000000000
343.959468775	0.000000000000
348.962474453	0.000000000000
354.038250524	0.000000000000
359.187855459	0.000000000000
364.412363122	0.000000000000
369.712862999	0.000000000000
375.090460422	0.000000000000
380.546276801	0.000000000000
386.081449856	0.000000000000
391.697133857	0.000000000000
397.394499864	0.000000000000
403.174735966	0.000000000000
409.039047539	0.000000000000
414.988657488	0.000000000000
421.024806507	0.000000000000
427.148753334	0.000000000000
433.36177502	0.000000000000
439.665167187	0.000000000000
446.060244304	0.000000000000
452.548339959	0.000000000000
459.13080714	0.000000000000
465.80901851	0.000000000000
472.584366701	0.000000000000
479.458264601	0.000000000000
486.432145648	0.000000000000
493.507464131	0.000000000000
500.68569549	0.000000000000
507.96833663	0.000000000000
515.356906224	0.000000000000
522.852945037	0.000000000000
530.458016246	0.000000000000
538.173705762	0.000000000000
546.001622567	0.000000000000
553.943399044	0.000000000000
562.000691319	0.000000000000
570.17517961	0.000000000000
578.46856857	0.000000000000
586.882587651	0.000000000000
595.418991457	0.000000000000
604.079560116	0.000000000000
612.866099647	0.000000000000
621.780442338	0.000000000000
630.82444713	0.000000000000
640	0.000000000000
649.30901436	0.000000000000
658.753431452	0.000000000000
668.335220754	0.000000000000
678.05638039	0.000000000000
687.918937549	0.000000000000
697.924948906	0.000000000000
708.076501049	0.000000000000
718.375710918	0.000000000000
728.824726244	0.000000000000
739.425725998	0.000000000000
750.180920844	0.000000000000
761.092553602	0.000000000000
772.162899712	0.000000000000
783.394267715	0.000000000000
794.788999727	0.000000000000
806.349471933	0.000000000000
818.078095079	0.000000000000
829.977314977	0.000000000000
842.049613014	0.000000000000
854.297506669	0.000000000000
866.72355004	0.000000000000
879.330334373	0.000000000000
892.120488607	0.000000000000
905.096679919	0.000000000000
918.261614279	0.000000000000
931.618037019	0.000000000000
945.168733401	0.000000000000
958.916529201	0.000000000000
972.864291295	0.000000000000
987.014928261	0.000000000000
1001.37139098	-0.000198563524
1015.93667326	-0.025798523931
1030.71381245	-0.091486041742
1045.70589007	-0.191936976844
1060.91603249	-0.320485156218
1076.34741152	-0.469485164097
1092.00324513	-0.630710715841
1107.88679809	-0.795767023397
1124.00138264	-0.956498984452
1140.35035922	-1.105363093126
1156.93713714	-1.235755667553
1173.7651753	-1.342274991813
1190.83798291	-1.420908649876
1208.15912023	-1.469140430108
1225.73219929	-1.485971807585
1243.56088468	-1.471864740591
1261.64889426	-1.428738095467
1280	-1.374987580866
1298.61802872	-1.322520869863
1317.5068629	-1.271559789027
1336.67044151	-1.222322369081
1356.11276078	-1.175020692993
1375.8378751	-1.129860700998
1395.84989781	-1.087039869401
1416.1530021	-1.046747481936
1436.75142184	-1.009162632401
1457.64945249	-0.974453393658
1478.851452	-0.942775983807
1500.36184169	-0.914273902587
1522.1851072	-0.889079734857
1544.32579942	-0.867310663726
1566.78853543	-0.849068317871
1589.57799945	-0.834439258948
1612.69894387	-0.823492133346
1636.15619016	-0.816279652490
1659.95462995	-0.812838048877
1684.09922603	-0.813187186172
1708.59501334	-0.817330987718
1733.44710008	-0.825253705770
1758.66066875	-0.836923513015
1784.24097721	-0.852292617059
1810.19335984	-0.871296410016
1836.52322856	-0.893845835560
1863.23607404	-0.919839229223
1890.3374668	-0.949161848145
1917.8330584	-0.981684981485
1945.72858259	-1.017265102015
1974.02985652	-1.055750165145
2002.74278196	-1.096975823092
2031.87334652	-1.140768251543
2061.4276249	-1.186952359662
2091.41178015	-1.235339322108
2121.83206498	-1.285736605237
2152.69482305	-1.337958930931
2184.00649027	-1.391819258571
2215.77359618	-1.447133451148
2248.00276528	-1.503717171417
2280.70071844	-1.561395077535
2313.87427428	-1.620005475965
2347.5303506	-1.679388625145
2381.67596583	-1.739400463294
2416.31824047	-1.799913949139
2451.46439859	-1.860816727916
2487.12176935	-1.922008446526
2523.29778852	-1.983407672888
2560	-2.044952665714
2597.23605744	-2.106599550807
2635.01372581	-2.168322814152
2673.34088301	-2.230113469238
2712.22552156	-2.291980120717
2751.6757502	-2.353947616235
2791.69979562	-2.416060237104
2832.3060042	-2.478374635672
2873.50284367	-2.540965420966
2915.29890498	-2.603924570270
2957.70290399	-2.667348150774
3000.72368338	-2.731339986113
3044.37021441	-2.796013770382
3088.65159885	-2.861488847644
3133.57707086	-2.927887374899
3179.15599891	-2.995331468940
3225.39788773	-3.063942143836
3272.31238031	-3.133836179021
3319.90925991	-3.205124164958
3368.19845205	-3.277907827445
3417.19002668	-3.352276381533
3466.89420016	-3.428306140081
3517.32133749	-3.506054800801
3568.48195443	-3.585556636367
3620.38671968	-3.666830193195
3673.04645712	-3.749863844145
3726.47214808	-3.834618685746
3780.67493361	-3.921025460930
3835.6661168	-4.008981371657
3891.45716518	-4.098345362568
3948.05971304	-4.188939846882
4005.48556392	-4.280547371340
4063.74669304	-4.372910569524
4122.85524979	-4.465726797868
4182.8235603	-4.558648452499
4243.66412997	-4.651284223971
4305.3896461	-4.743202440024
4368.01298054	-4.833925129059
4431.54719235	-4.922936451169
4496.00553056	-5.009679877481
4561.40143688	-5.093568351393
4627.74854856	-5.173982999337
4695.06070121	-5.250278409077
4763.35193166	-5.321786094513
4832.63648093	-5.387830115915
4902.92879718	-5.447730039970
4974.24353871	-5.500808164219
5046.59557704	-5.546399338988
5120	-5.583860859508
5194.47211488	-5.612581139098
5270.02745161	-5.631990125682
5346.68176603	-5.641568801645
5424.45104312	-5.640858481156
5503.35150039	-5.629469722945
5583.39959125	-5.607090260737
5664.61200839	-5.573492925786
5747.00568734	-5.528541587852
5830.59780995	-5.472196589431
5915.40580799	-5.404518752791
6001.44736675	-5.325671165154
6088.74042881	-5.235919707855
6177.3031977	-5.135633399833
6267.15414172	-5.025280177196
6358.31199782	-4.905422726237
6450.79577546	-4.776712844573
6544.62476063	-4.639884648014
6639.81851981	-4.495748385269
6736.39690411	-4.345178123604
6834.38005335	-4.189102218362
6933.78840032	-4.028491791482
7034.64267499	-3.864350451204
7136.96390886	-3.697700924465
7240.77343935	-3.529565991653
7346.09291423	-3.360967820163
7452.94429615	-3.192910289260
7561.34986721	-3.026369104612
7671.33223361	-2.862281190324
7782.91433036	-2.701534147582
7896.11942609	-2.544959655081
8010.97112785	-2.393326380080
8127.49338608	-2.247333553080
8245.71049958	-2.107605782856
8365.64712059	-1.974689920604
8487.32825993	-1.849052749636
8610.7792922	-1.731079527564
8736.02596108	-1.621074997110
8863.0943847	-1.519263587736
8992.01106111	-1.425792720831
9122.80287376	-1.340734474553
9255.49709713	-1.264090385920
9390.12140242	-1.195795542491
9526.70386332	-1.135723292396
9665.27296186	-1.083690434442
9805.85759435	-1.039460638886
9948.48707741	-1.002753990572
10093.1911541	-0.973246911015
10240	-0.933862130128
10388.9442298	-0.870799007086
10540.0549032	-0.787509742119
10693.3635321	-0.688128437132
10848.9020862	-0.577465555505
11006.7030008	-0.461003140003
11166.7991825	-0.344846535937
11329.2240168	-0.235588435836
11494.0113747	-0.140068986068
11661.1956199	-0.065023013447
11830.811616	-0.016630300078
12002.8947335	0.000000000000
12177.4808576	0.000000000000
12354.6063954	0.000000000000
12534.3082834	0.000000000000
12716.6239956	0.000000000000
12901.5915509	0.000000000000
13089.2495213	0.000000000000
13279.6370396	0.000000000000
13472.7938082	0.000000000000
13668.7601067	0.000000000000
13867.5768006	0.000000000000
14069.28535	0.000000000000
14273.9278177	0.000000000000
14481.5468787	0.000000000000
14692.1858285	0.000000000000
14905.8885923	0.000000000000
15122.6997344	0.000000000000
15342.6644672	0.000000000000
15565.8286607	0.000000000000
15792.2388522	0.000000000000
16021.9422557	0.000000000000
16254.9867722	0.000000000000
16491.4209992	0.000000000000
16731.2942412	0.000000000000
16974.6565199	0.000000000000
17221.5585844	0.000000000000
17472.0519222	0.000000000000
17726.1887694	0.000000000000
17984.0221222	0.000000000000
18245.6057475	0.000000000000
18510.9941943	0.000000000000
18780.2428048	0.000000000000
19053.4077266	0.000000000000
19330.5459237	0.000000000000
19611.7151887	0.000000000000
19896.9741548	0.000000000000
20186.3823082	0.000000000000
