20	63.999995491709
20.2909066988	63.999996117537
20.5860447329	63.999996749574
20.8854756485	63.999997397801
21.1892618872	63.999998076111
21.4974667984	63.999998801526
21.8101546533	63.999999593376
22.1273906578	64.000000472426
22.4492409662	64.000001459910
22.7757726951	64.000002576473
23.1070539374	64.000003840968
23.4431537764	64.000005269107
23.7841423001	64.000006871924
24.130090616	64.000008654040
24.4810708661	64.000010611718
24.8371562415	64.000012730693
25.1984209979	64.000014983788
25.5649404712	64.000017328332
25.936791093	64.000019703409
26.3140504067	64.000022026992
26.6967970834	64.000024193036
27.0851109387	64.000026068629
27.4790729492	64.000027491326
27.878765269	64.000028266844
28.2842712475	64.000028167301
28.6956754462	64.000026930253
29.1130636568	64.000024258813
29.5365229188	64.000019823168
29.9661415375	64.000013263891
30.402009103	64.000004197449
30.8442165082	63.999992224375
31.2928559682	63.999976940593
31.7480210394	63.999957952418
32.209806639	63.999934895768
32.6783090648	63.999907460085
33.1536260154	63.999875417496
33.6358566101	63.999838657602
34.1251014105	63.999797228256
34.6214624402	63.999751382507
35.1250432075	63.999701631688
35.6359487256	63.999648804398
36.1542855356	63.999594110756
36.6801617282	63.999539210920
37.2136869661	63.999486286359
37.7549725073	63.999438111744
38.3041312279	63.999398124672
38.8612776461	63.999370489567
39.4265279456	63.999360151259
40	63.999372872661
40.5818133975	63.999415249932
41.1720894657	63.999494697275
41.7709512971	63.999619392346
42.3785237744	63.999798172018
42.9949335968	64.000040367047
43.6203093066	64.000355563156
44.2547813156	64.000753275148
44.8984819324	64.001242520133
45.5515453903	64.001831275770
46.2141078749	64.002525809895
46.8863075528	64.003329869037
47.5682846001	64.004243715481
48.260181232	64.005263005775
48.9621417322	64.006377508271
49.6743124829	64.007569663628
50.3968419958	64.008813000468
51.1298809424	64.010070428882
51.873582186	64.011292447449
52.6281008133	64.012415315138
53.3935941668	64.013359258164
54.1702218775	64.014026803582
54.9581458983	64.014301356348
55.757530538	64.014046164561
56.5685424949	64.013103848382
57.3913508924	64.011296701329
58.2261273137	64.008428007435
59.0730458376	64.004284653085
59.9322830751	63.998641346763
60.804018206	63.991266791471
61.6884330163	63.981932180688
62.5857119363	63.970422406342
63.4960420787	63.956550372552
64.419613278	63.940174797141
65.3566181296	63.921221848981
66.3072520307	63.899702406163
67.2717132203	63.875693602040
68.2502028209	63.849303456302
69.2429248805	63.820676912930
70.2500864149	63.789996026316
71.2718974512	63.757441935996
72.3085710713	63.723182728501
73.3603234564	63.687337893165
74.4273739322	63.649994653344
75.5099450145	63.611239989741
76.6082624559	63.571130412095
77.7225552923	63.529711599633
78.8530558912	63.487060252237
80	63.443272440608
81.163626795	63.398466107857
82.3441789315	63.352767686835
83.5419025942	63.306312679357
84.7570475487	63.259238461815
85.9898671937	63.211685008708
87.2406186132	63.163783799169
88.5095626311	63.115607706412
89.7969638648	63.067151938981
91.1030907805	63.018381081318
92.4282157498	62.969267551392
93.7726151055	62.919783675029
95.1365692002	62.869916896791
96.520362464	62.819659944133
97.9242834644	62.769033455813
99.3486249659	62.718073933785
100.793683992	62.666859474760
102.259761885	62.615476953022
103.747164372	62.563965381086
105.256201627	62.512324929946
106.787188334	62.460520774319
108.340443755	62.408504524078
109.916291797	62.356217510159
111.515061076	62.303606284665
113.13708499	62.250629884088
114.782701785	62.197272383969
116.452254627	62.143560635597
118.146091675	62.089554339442
119.86456615	62.035348637521
121.608036412	61.981036250674
123.376866033	61.926668914386
125.171423873	61.872289102059
126.992084157	61.817943906909
128.839226556	61.763708631153
130.713236259	61.709644979950
132.614504061	61.655744444332
134.543426441	61.601959350675
136.500405642	61.548197180569
138.485849761	61.494351726874
140.50017283	61.440304290378
142.543794902	61.385950126552
144.617142143	61.331205882119
146.720646913	61.276033392652
148.854747864	61.220454232117
151.019890029	61.164569625190
153.216524912	61.108578492859
155.445110585	61.052726420212
157.706111782	60.997293825420
160	60.942601376829
162.32725359	60.888952524903
164.688357863	60.836570134353
167.083805188	60.785633554438
169.514095097	60.736273598765
171.979734387	60.688599964350
174.481237226	60.642695098312
177.019125262	60.598646552312
179.59392773	60.556514931806
182.206181561	60.516343972499
184.8564315	60.478131579241
187.545230211	60.441857024115
190.2731384	60.407541503476
193.040724928	60.375231709065
195.848566929	60.344971257364
198.697249932	60.316740369063
201.587367983	60.290411754264
204.51952377	60.265806023642
207.494328744	60.242773784289
210.512403253	60.221264554738
213.574376667	60.201322175064
216.68088751	60.182990227350
219.832583593	60.166314025552
223.030122152	60.151395909823
226.27416998	60.138409254150
229.56540357	60.127461182474
232.904509255	60.118536492527
236.29218335	60.111520896798
239.7291323	60.106232049298
243.216072824	60.102444441357
246.753732065	60.099908578519
250.342847745	60.098365041377
253.984168315	60.097554162916
257.678453112	60.097222138070
261.426472519	60.097124430873
265.229008123	60.097027372031
269.086852881	60.096708853939
273.000811284	60.095959037202
276.971699522	60.094581985862
281.00034566	60.092399147121
285.087589805	60.089255581304
289.234284285	60.085029820182
293.441293826	60.079648173295
297.709495729	60.073104193797
302.039780058	60.065483833702
306.433049824	60.056996533614
310.890221169	60.048012069511
315.412223565	60.039049163874
320	60.030582300482
324.65450718	60.022929871017
329.376715726	60.016261689091
334.167610377	60.010633011487
339.028190195	60.006016387546
343.959468775	60.002329225559
348.962474453	59.999456990151
354.038250524	59.997272237152
359.187855459	59.995649883037
364.412363122	59.994479207066
369.712862999	59.993673107842
375.090460422	59.993175093013
380.546276801	59.992964380614
386.081449856	59.993059341104
391.697133857	59.993519317328
397.394499864	59.994444631894
403.174735966	59.995974334919
409.039047539	59.998280969048
414.988657488	60.001561346389
421.024806507	60.006022062725
427.148753334	60.011858246389
433.36177502	60.019223891745
439.665167187	60.028192114249
446.060244304	60.038703856011
452.548339959	60.050549937633
459.13080714	60.063537514621
465.80901851	60.077700303750
472.584366701	60.093320361742
479.458264601	60.110841124341
486.432145648	60.130752851483
493.507464131	60.153459670011
500.68569549	60.179140623630
507.96833663	60.207729756565
515.356906224	60.239125060545
522.852945037	60.273137847688
530.458016246	60.309365851455
538.173705762	60.347353693262
546.001622567	60.386614959417
553.943399044	60.426782262554
562.000691319	60.467633968319
570.17517961	60.509199345713
578.46856857	60.551713935089
586.882587651	60.595389993028
595.418991457	60.640385992344
604.079560116	60.686838206259
612.866099647	60.734868871666
621.780442338	60.784593474400
630.82444713	60.836082808050
640	60.889402493875
649.30901436	60.944489614439
658.753431452	61.001151443416
668.335220754	61.058932855937
678.05638039	61.117303774164
687.918937549	61.175878242450
697.924948906	61.234193456425
708.076501049	61.291838696437
718.375710918	61.348719719927
728.824726244	61.404902064370
739.425725998	61.460569975531
750.180920844	61.515844834944
761.092553602	61.570728941967
772.162899712	61.624967827609
783.394267715	61.678070660125
794.788999727	61.729622756467
806.349471933	61.779384556402
818.078095079	61.827233897251
829.977314977	61.873174407694
842.049613014	61.917256833878
854.297506669	61.959676051716
866.72355004	62.000730359414
879.330334373	62.041017023265
892.120488607	62.081107938699
905.096679919	62.121205755023
918.261614279	62.161383892845
931.618037019	62.201514659434
945.168733401	62.241553533233
958.916529201	62.281533316550
972.864291295	62.321817963160
987.014928261	62.362968430127
1001.37139098	62.405002020047
1015.93667326	62.411743538086
1030.71381245	62.363115574826
1045.70589007	62.269368526704
1060.91603249	62.143709929716
1076.34741152	62.001136369347
1092.00324513	61.857246387743
1107.88679809	61.726944527132
1124.00138264	61.623420057913
1140.35035922	61.557118662718
1156.93713714	61.535239729523
1173.7651753	61.561224542750
1190.83798291	61.634822968673
1208.15912023	61.727516112372
1225.73219929	61.821258647990
1243.56088468	61.917210278087
1261.64889426	62.015959665731
1280	62.117605611385
1298.61802872	62.221531150097
1317.5068629	62.326625848325
1336.67044151	62.431935714503
1356.11276078	62.536561665702
1375.8378751	62.639595210207
1395.84989781	62.740669265791
1416.1530021	62.840019770148
1436.75142184	62.938078243978
1457.64945249	63.035200355235
1478.851452	63.131226547484
1500.36184169	63.225982498686
1522.1851072	63.319598878769
1544.32579942	63.411824857686
1566.78853543	63.502399420061
1589.57799945	63.591553310461
1612.69894387	63.678955718292
1636.15619016	63.763776294420
1659.95462995	63.845608777825
1684.09922603	63.925102636812
1708.59501334	64.003046169575
1733.44710008	64.080007717861
1758.66066875	64.156989858570
1784.24097721	64.235981647798
1810.19335984	64.318973724193
1836.52322856	64.406599881758
1863.23607404	64.497927195648
1890.3374668	64.591716182993
1917.8330584	64.688127286738
1945.72858259	64.788679817367
1974.02985652	64.895229952413
2002.74278196	65.009483168598
2031.87334652	65.133620317349
2061.4276249	65.269547904064
2091.41178015	65.419285826255
2121.83206498	65.585662835347
2152.69482305	65.772134383387
2184.00649027	65.981330747616
2215.77359618	66.212764696998
2248.00276528	66.461952401316
2280.70071844	66.720495939103
2313.87427428	66.978312359279
2347.5303506	67.227000557759
2381.67596583	67.461109922641
2416.31824047	67.677350243161
2451.46439859	67.873917916166
2487.12176935	68.050623840356
2523.29778852	68.208553038070
2560	68.349707904361
2597.23605744	68.478262443412
2635.01372581	68.598846563076
2673.34088301	68.712004499394
2712.22552156	68.812889165218
2751.6757502	68.892535800475
2791.69979562	68.940839925771
2832.3060042	68.950728464819
2873.50284367	68.920491257098
2915.29890498	68.855355736971
2957.70290399	68.763888226814
3000.72368338	68.655768768463
3044.37021441	68.539807606364
3088.65159885	68.421018611319
3133.57707086	68.298781081764
3179.15599891	68.169252279125
3225.39788773	68.029027000868
3272.31238031	67.876697116732
3319.90925991	67.713899918243
3368.19845205	67.544755948707
3417.19002668	67.373768452908
3466.89420016	67.205979172321
3517.32133749	67.045638317691
3568.48195443	66.896604215147
3620.38671968	66.759007415487
3673.04645712	66.629485297673
3726.47214808	66.502864406909
3780.67493361	66.372906275912
3835.6661168	66.232423583548
3891.45716518	66.073791996597
3948.05971304	65.891163339812
4005.48556392	65.684101098284
4063.74669304	65.457326743653
4122.85524979	65.217932906526
4182.8235603	64.973953299432
4243.66412997	64.734782760724
4305.3896461	64.511994116004
4368.01298054	64.318439283767
4431.54719235	64.163774249520
4496.00553056	64.049269139846
4561.40143688	63.969664151807
4627.74854856	63.921235790395
4695.06070121	63.906242510977
4763.35193166	63.929441753915
4832.63648093	63.989023539845
4902.92879718	64.075622126312
4974.24353871	64.180244029134
5046.59557704	64.291316950350
5120	64.394935275509
5194.47211488	64.478628780147
5270.02745161	64.529244096729
5346.68176603	64.539871557935
5424.45104312	64.519630681042
5503.35150039	64.485633733309
5583.39959125	64.450071419615
5664.61200839	64.418174100572
5747.00568734	64.383959231706
5830.59780995	64.323509001588
5915.40580799	64.204068869597
6001.44736675	64.002887152796
6088.74042881	63.717402530879
6177.3031977	63.362428347925
6267.15414172	62.973936200518
6358.31199782	62.596498152582
6450.79577546	62.268371364708
6544.62476063	62.008566894489
6639.81851981	61.816485107355
6736.39690411	61.687420355843
6834.38005335	61.634029608812
6933.78840032	61.679542301477
7034.64267499	61.844165452400
7136.96390886	62.123728572344
7240.77343935	62.484888428222
7346.09291423	62.885877795456
7452.94429615	63.294622988191
7561.34986721	63.691265493888
7671.33223361	64.065359092080
7782.91433036	64.418035217204
7896.11942609	64.760508492315
8010.97112785	65.091625208781
8127.49338608	65.382299826273
8245.71049958	65.594739635212
8365.64712059	65.695987741929
8487.32825993	65.660908078065
8610.7792922	65.475501489989
8736.02596108	65.115623688664
8863.0943847	64.516591438938
8992.01106111	63.635237089022
9122.80287376	62.559110003905
9255.49709713	61.436125089154
9390.12140242	60.382966336928
9526.70386332	59.447674970233
9665.27296186	58.614278171670
9805.85759435	57.853463675420
9948.48707741	57.197891546547
10093.1911541	56.741080690466
10240	56.529668977314
10388.9442298	56.506185998796
10540.0549032	56.597868333869
10693.3635321	56.820108275706
10848.9020862	57.255170194906
11006.7030008	57.941713697517
11166.7991825	58.859188639299
11329.2240168	59.989453627399
11494.0113747	61.285646313092
11661.1956199	62.469026452096
11830.811616	63.249832770520
12002.8947335	63.466295467324
12177.4808576	63.227723016484
12354.6063954	62.788006877447
12534.3082834	62.314063842734
12716.6239956	61.830664857976
12901.5915509	61.291749181390
13089.2495213	60.694094476776
13279.6370396	60.100133718097
13472.7938082	59.555428812497
13668.7601067	59.048723004560
13867.5768006	58.594078898688
14069.28535	58.253051953893
14273.9278177	58.017883069207
14481.5468787	57.829224608129
14692.1858285	57.646958016439
14905.8885923	57.460519840979
15122.6997344	57.271236682252
15342.6644672	57.081289233593
15565.8286607	56.891555852694
15792.2388522	56.702488042496
16021.9422557	56.514403530396
16254.9867722	56.325088196780
16491.4209992	56.124862971650
16731.2942412	55.902555054736
16974.6565199	55.673768137308
17221.5585844	55.465146207130
17472.0519222	55.273757217091
17726.1887694	55.087096876760
17984.0221222	54.893714286618
18245.6057475	54.677533582539
18510.9941943	54.443361659512
18780.2428048	54.249963609766
19053.4077266	54.104550837026
19330.5459237	53.933666730274
19611.7151887	53.717183633540
19896.9741548	53.514420345282
20186.3823082	53.385405327764
