20	64.000000000000
20.2909066988	64.000000000000
20.5860447329	64.000000000000
20.8854756485	64.000000000000
21.1892618872	64.000000000000
21.4974667984	64.000000000000
21.8101546533	64.000000000000
22.1273906578	64.000000000000
22.4492409662	64.000000000000
22.7757726951	64.000000000000
23.1070539374	64.000000000000
23.4431537764	64.000000000000
23.7841423001	64.000000000000
24.130090616	64.000000000000
24.4810708661	64.000000000000
24.8371562415	64.000000000000
25.1984209979	64.000000000000
25.5649404712	64.000000000000
25.936791093	64.000000000000
26.3140504067	64.000000000000
26.6967970834	64.000000000000
27.0851109387	64.000000000000
27.4790729492	64.000000000000
27.878765269	64.000000000000
28.2842712475	64.000000000000
28.6956754462	64.000000000000
29.1130636568	64.000000000000
29.5365229188	64.000000000000
29.9661415375	64.000000000000
30.402009103	64.000000000000
30.8442165082	64.000000000000
31.2928559682	64.000000000000
31.7480210394	64.000000000000
32.209806639	64.000000000000
32.6783090648	64.000000000000
33.1536260154	64.000000000000
33.6358566101	64.000000000000
34.1251014105	64.000000000000
34.6214624402	64.000000000000
35.1250432075	64.000000000000
35.6359487256	64.000000000000
36.1542855356	64.000000000000
36.6801617282	64.000000000000
37.2136869661	64.000000000000
37.7549725073	64.000000000000
38.3041312279	64.000000000000
38.8612776461	64.000000000000
39.4265279456	64.000000000000
40	64.000000000000
40.5818133975	64.000000000000
41.1720894657	64.000000000000
41.7709512971	64.000000000000
42.3785237744	64.000000000000
42.9949335968	64.000000000000
43.6203093066	64.000000000000
44.2547813156	64.000000000000
44.8984819324	64.000000000000
45.5515453903	64.000000000000
46.2141078749	64.000000000000
46.8863075528	64.000000000000
47.5682846001	64.000000000000
48.260181232	64.000000000000
48.9621417322	64.000000000000
49.6743124829	64.000000000000
50.3968419958	64.000000000000
51.1298809424	64.000000000000
51.873582186	64.000000000000
52.6281008133	64.000000000000
53.3935941668	64.000000000000
54.1702218775	64.000000000000
54.9581458983	64.000000000000
55.757530538	64.000000000000
56.5685424949	64.000000000000
57.3913508924	64.000000000000
58.2261273137	64.000000000000
59.0730458376	64.000000000000
59.9322830751	64.000000000000
60.804018206	64.000000000000
61.6884330163	64.000000000000
62.5857119363	64.000000000000
63.4960420787	64.000000000000
64.419613278	64.000000000000
65.3566181296	63.967213214382
66.3072520307	63.911757626126
67.2717132203	63.900000000000
68.2502028209	63.880530355401
69.2429248805	63.812110491714
70.2500864149	63.789798963021
71.2718974512	63.718248203902
72.3085710713	63.700000000000
73.3603234564	63.700000000000
74.4273739322	63.621679056092
75.5099450145	63.601226718543
76.6082624559	63.600000000000
77.7225552923	63.535337260877
78.8530558912	63.504712516743
80	63.444363636364
81.163626795	63.406303285467
82.3441789315	63.351925556072
83.5419025942	63.308366657572
84.7570475487	63.260761050501
85.9898671937	63.174910181820
87.2406186132	63.111732019648
88.5095626311	63.100000000000
89.7969638648	63.079242068405
91.1030907805	63.011420734729
92.4282157498	62.984688500539
93.7726151055	62.914167828039
95.1365692002	62.893911236427
96.520362464	62.818476051483
97.9242834644	62.800000000000
99.3486249659	62.726077778982
100.793683992	62.631798961693
102.259761885	62.599970464576
103.747164372	62.541904495247
105.256201627	62.509632188934
106.787188334	62.452375105817
108.340443755	62.413026235840
109.916291797	62.361607373720
111.515061076	62.314087475744
113.13708499	62.275913786664
114.782701785	62.208854902266
116.452254627	62.165726790794
118.146091675	62.089636467506
119.86456615	62.006548226641
121.608036412	61.982392001289
123.376866033	61.924333381426
125.171423873	61.892671629445
126.992084157	61.814838402269
128.839226556	61.720055716352
130.713236259	61.701691906070
132.614504061	61.628477470078
134.543426441	61.602602469289
136.500405642	61.537583125300
138.485849761	61.504318862008
140.50017283	61.445993778125
142.543794902	61.406386871366
144.617142143	61.354962591329
146.720646913	61.306187670883
148.854747864	61.268098336733
151.019890029	61.177383522245
153.216524912	61.120344236458
155.445110585	61.074204776065
157.706111782	60.992899221905
160	60.900000000000
162.32725359	60.881381971280
164.688357863	60.811842401207
167.083805188	60.784579841606
169.514095097	60.718901700708
171.979734387	60.700000000000
174.481237226	60.625397467392
177.019125262	60.599521230936
179.59392773	60.535065342505
182.206181561	60.506588693043
184.8564315	60.500000000000
187.545230211	60.448671190743
190.2731384	60.409570344394
193.040724928	60.354559858268
195.848566929	60.302513788983
198.697249932	60.300000000000
201.587367983	60.300000000000
204.51952377	60.300000000000
207.494328744	60.279879081464
210.512403253	60.212319944464
213.574376667	60.200000000000
216.68088751	60.200000000000
219.832583593	60.200000000000
223.030122152	60.124246946204
226.27416998	60.100000000000
229.56540357	60.100000000000
232.904509255	60.100000000000
236.29218335	60.100000000000
239.7291323	60.100000000000
243.216072824	60.100000000000
246.753732065	60.100000000000
250.342847745	60.100000000000
253.984168315	60.100000000000
257.678453112	60.100000000000
261.426472519	60.100000000000
265.229008123	60.100000000000
269.086852881	60.100000000000
273.000811284	60.100000000000
276.971699522	60.100000000000
281.00034566	60.100000000000
285.087589805	60.100000000000
289.234284285	60.100000000000
293.441293826	60.100000000000
297.709495729	60.100000000000
302.039780058	60.100000000000
306.433049824	60.100000000000
310.890221169	60.032854782620
315.412223565	60.002013134290
320	60.000000000000
324.65450718	60.000000000000
329.376715726	60.000000000000
334.167610377	60.000000000000
339.028190195	60.000000000000
343.959468775	60.000000000000
348.962474453	60.000000000000
354.038250524	60.000000000000
359.187855459	60.000000000000
364.412363122	60.000000000000
369.712862999	60.000000000000
375.090460422	60.000000000000
380.546276801	60.000000000000
386.081449856	60.000000000000
391.697133857	60.000000000000
397.394499864	60.000000000000
403.174735966	60.000000000000
409.039047539	60.000000000000
414.988657488	60.000000000000
421.024806507	60.000000000000
427.148753334	60.000000000000
433.36177502	60.000000000000
439.665167187	60.000000000000
446.060244304	60.039385568164
452.548339959	60.088946645691
459.13080714	60.100000000000
465.80901851	60.100000000000
472.584366701	60.100000000000
479.458264601	60.100000000000
486.432145648	60.100000000000
493.507464131	60.112903201677
500.68569549	60.184303449001
507.96833663	60.200000000000
515.356906224	60.201589226556
522.852945037	60.275747107468
530.458016246	60.298111069901
538.173705762	60.367679249420
546.001622567	60.398245708225
553.943399044	60.458498136945
562.000691319	60.495927817127
570.17517961	60.500000000000
578.46856857	60.545845979742
586.882587651	60.593952005661
595.418991457	60.638166589386
604.079560116	60.688541375361
612.866099647	60.726348657396
621.780442338	60.790609406005
630.82444713	60.817735413494
640	60.884080000000
649.30901436	60.912100479329
658.753431452	60.992606612995
668.335220754	61.084201244951
678.05638039	61.100886201843
687.918937549	61.176963421722
697.924948906	61.271711517671
708.076501049	61.298326555913
718.375710918	61.363822917195
728.824726244	61.395293498601
739.425725998	61.454682961729
750.180920844	61.494195483785
761.092553602	61.547115959573
772.162899712	61.635301142996
783.394267715	61.692847192549
794.788999727	61.735240399017
806.349471933	61.791477273253
818.078095079	61.825195237697
829.977314977	61.888201004031
842.049613014	61.916246874372
854.297506669	61.988564919792
866.72355004	62.000000000000
879.330334373	62.006833913508
892.120488607	62.083407278290
905.096679919	62.099604695060
918.261614279	62.174567974548
931.618037019	62.198662436172
945.168733401	62.265656197066
958.916529201	62.297163274374
972.864291295	62.300000000000
987.014928261	62.353506480523
1001.37139098	62.393766441469
1015.93667326	62.444881891456
1030.71381245	62.492880158765
1045.70589007	62.534390609135
1060.91603249	62.588550770625
1076.34741152	62.626341144586
1092.00324513	62.687263791822
1107.88679809	62.719249654644
1124.00138264	62.785737826176
1140.35035922	62.808677733493
1156.93713714	62.883856911047
1173.7651753	62.902348176963
1190.83798291	62.979497305428
1208.15912023	62.999498668276
1225.73219929	63.000000000000
1243.56088468	63.066413812886
1261.64889426	63.096667511514
1280	63.157333333333
1298.61802872	63.248123145868
1317.5068629	63.293620428566
1336.67044151	63.344701996299
1356.11276078	63.432508017390
1375.8378751	63.491911617357
1395.84989781	63.531172310951
1416.1530021	63.588459006293
1436.75142184	63.622363148151
1457.64945249	63.706626806270
1478.851452	63.785253797551
1500.36184169	63.810169078703
1522.1851072	63.891074578023
1544.32579942	63.984568357584
1566.78853543	64.000000000000
1589.57799945	64.075846702119
1612.69894387	64.170321770581
1636.15619016	64.265024487329
1659.95462995	64.296713136837
1684.09922603	64.358538995804
1708.59501334	64.449396751484
1733.44710008	64.544180768702
1758.66066875	64.593317429869
1784.24097721	64.641991778032
1810.19335984	64.728592737562
1836.52322856	64.856116810591
1863.23607404	65.007557450272
1890.3374668	65.113032939734
1917.8330584	65.207829411576
1945.72858259	65.319355403188
1974.02985652	65.483391613512
2002.74278196	65.600228988359
2031.87334652	65.774312108607
2061.4276249	65.964018224745
2091.41178015	66.153575587537
2121.83206498	66.343089897096
2152.69482305	66.532601512810
2184.00649027	66.786561518698
2215.77359618	67.067650131027
2248.00276528	67.407811875915
2280.70071844	67.781838309948
2313.87427428	68.113996028217
2347.5303506	68.405083689649
2381.67596583	68.689473316184
2416.31824047	68.973885934781
2451.46439859	69.228257424385
2487.12176935	69.454816757598
2523.29778852	69.705595681231
2560	69.890064864865
2597.23605744	70.011809262505
2635.01372581	70.187131859173
2673.34088301	70.376824990881
2712.22552156	70.566530871591
2751.6757502	70.756016843444
2791.69979562	70.871950244678
2832.3060042	70.967578619529
2873.50284367	70.932385735642
2915.29890498	70.903758867809
2957.70290399	70.843649093992
3000.72368338	70.753290974903
3044.37021441	70.658525421977
3088.65159885	70.607791841074
3133.57707086	70.560334198712
3179.15599891	70.474080660044
3225.39788773	70.379288574235
3272.31238031	70.257522931825
3319.90925991	70.101194588020
3368.19845205	69.976467413812
3417.19002668	69.813960763398
3466.89420016	69.695241046460
3517.32133749	69.525620902226
3568.48195443	69.415508384305
3620.38671968	69.320707262438
3673.04645712	69.225964722136
3726.47214808	69.131167826739
3780.67493361	69.036367060266
3835.6661168	68.941652135061
3891.45716518	68.846870767365
3948.05971304	68.698767681675
4005.48556392	68.514525125698
4063.74669304	68.324887891393
4122.85524979	68.135346006179
4182.8235603	67.945751590144
4243.66412997	67.756134114071
4305.3896461	67.566509428591
4368.01298054	67.400087215186
4431.54719235	67.312848618581
4496.00553056	67.300000000000
4561.40143688	67.300000000000
4627.74854856	67.300000000000
4695.06070121	67.302054503776
4763.35193166	67.380494340195
4832.63648093	67.550918498512
4902.92879718	67.668663910255
4974.24353871	67.831914283164
5046.59557704	68.019264878066
5120	68.150382191781
5194.47211488	68.303569954042
5270.02745161	68.437820207474
5346.68176603	68.447726506675
5424.45104312	68.407781964977
5503.35150039	68.400000000000
5583.39959125	68.366973206421
5664.61200839	68.310586719752
5747.00568734	68.300000000000
5830.59780995	68.279502321073
5915.40580799	68.165075515598
6001.44736675	67.908087520795
6088.74042881	67.609336750723
6177.3031977	67.165227979030
6267.15414172	66.691102034080
6358.31199782	66.217223663495
6450.79577546	65.815735598270
6544.62476063	65.503799424484
6639.81851981	65.281344437779
6736.39690411	65.028991686601
6834.38005335	64.859253551647
6933.78840032	64.754719231298
7034.64267499	64.800486636053
7136.96390886	65.012062138492
7240.77343935	65.288892417918
7346.09291423	65.573275726542
7452.94429615	65.857704434924
7561.34986721	66.142167129497
7671.33223361	66.405470147919
7782.91433036	66.607444029786
7896.11942609	66.809526999819
8010.97112785	67.071365786949
8127.49338608	67.272378336264
8245.71049958	67.382968399664
8365.64712059	67.400000000000
8487.32825993	67.252961533803
8610.7792922	66.926778773294
8736.02596108	66.551444018318
8863.0943847	66.050928823195
8992.01106111	64.982723999232
9122.80287376	63.758829032570
9255.49709713	62.556825712828
9390.12140242	61.461485197516
9526.70386332	60.530451532283
9665.27296186	59.738828068444
9805.85759435	58.964308051508
9948.48707741	58.152855148133
10093.1911541	57.650195148119
10240	57.512911564626
10388.9442298	57.500000000000
10540.0549032	57.500000000000
10693.3635321	57.521252048573
10848.9020862	57.840407950523
11006.7030008	58.453513788750
11166.7991825	59.265987622128
11329.2240168	60.047250908682
11494.0113747	61.467288145176
11661.1956199	62.592322465394
11830.811616	63.419155854744
12002.8947335	63.543846486495
12177.4808576	63.181013987191
12354.6063954	62.713387224938
12534.3082834	62.279805490604
12716.6239956	61.856345113405
12901.5915509	61.327645232171
13089.2495213	60.684160199472
13279.6370396	60.067059821123
13472.7938082	59.569043137914
13668.7601067	59.080160727682
13867.5768006	58.556243194290
14069.28535	58.234039678851
14273.9278177	58.028964774303
14481.5468787	57.839321954260
14692.1858285	57.649825225931
14905.8885923	57.460312567648
15122.6997344	57.270770552691
15342.6644672	57.081210678405
15565.8286607	56.891638036580
15792.2388522	56.702045434480
16021.9422557	56.512410159874
16254.9867722	56.322877395919
16491.4209992	56.133263200671
16731.2942412	55.906673702972
16974.6565199	55.663767826184
17221.5585844	55.464429938803
17472.0519222	55.274752810995
17726.1887694	55.085097927712
17984.0221222	54.895517110369
18245.6057475	54.694152184917
18510.9941943	54.431684204221
18780.2428048	54.229670231784
19053.4077266	54.118420402318
19330.5459237	53.947043763814
19611.7151887	53.721650127548
19896.9741548	53.485345280776
20186.3823082	53.400000000000
