20	65.600000000000
20.2909066988	65.553800578902
20.5860447329	65.502400305946
20.8854756485	65.500000000000
21.1892618872	65.500000000000
21.4974667984	65.500000000000
21.8101546533	65.500000000000
22.1273906578	65.500000000000
22.4492409662	65.500000000000
22.7757726951	65.500000000000
23.1070539374	65.500000000000
23.4431537764	65.500000000000
23.7841423001	65.500000000000
24.130090616	65.582522654003
24.4810708661	65.600000000000
24.8371562415	65.600000000000
25.1984209979	65.600000000000
25.5649404712	65.600000000000
25.936791093	65.600000000000
26.3140504067	65.600000000000
26.6967970834	65.600000000000
27.0851109387	65.600000000000
27.4790729492	65.637674848137
27.878765269	65.685573067009
28.2842712475	65.700000000000
28.6956754462	65.700000000000
29.1130636568	65.700000000000
29.5365229188	65.700000000000
29.9661415375	65.700000000000
30.402009103	65.700000000000
30.8442165082	65.700000000000
31.2928559682	65.700000000000
31.7480210394	65.700000000000
32.209806639	65.700000000000
32.6783090648	65.700000000000
33.1536260154	65.700000000000
33.6358566101	65.700000000000
34.1251014105	65.700000000000
34.6214624402	65.642765400615
35.1250432075	65.604812226081
35.6359487256	65.600000000000
36.1542855356	65.558660016256
36.6801617282	65.510885309690
37.2136869661	65.465167557456
37.7549725073	65.378658954984
38.3041312279	65.310238784856
38.8612776461	65.273092137308
39.4265279456	65.193940444262
40	65.098866666667
40.5818133975	65.004567438536
41.1720894657	64.909493596016
41.7709512971	64.814254219410
42.3785237744	64.720187092709
42.9949335968	64.625362715021
43.6203093066	64.459350919696
44.2547813156	64.338916997410
44.8984819324	64.179474520835
45.5515453903	63.992330629021
46.2141078749	63.801751039906
46.8863075528	63.562427677464
47.5682846001	63.330262291935
48.260181232	63.132850420097
48.9621417322	62.943705097889
49.6743124829	62.722017514415
50.3968419958	62.473643196036
51.1298809424	62.302039392027
51.873582186	62.172889387423
52.6281008133	61.995945872274
53.3935941668	61.814962157469
54.1702218775	61.708600486417
54.9581458983	61.613493419252
55.757530538	61.518153865983
56.5685424949	61.423398367153
57.3913508924	61.328594647369
58.2261273137	61.303110389166
59.0730458376	61.300000000000
59.9322830751	61.240115517417
60.804018206	61.205748799292
61.6884330163	61.248534527650
62.5857119363	61.294463378248
63.4960420787	61.300000000000
64.419613278	61.300000000000
65.3566181296	61.300000000000
66.3072520307	61.269162972426
67.2717132203	61.208809025540
68.2502028209	61.180530355401
69.2429248805	61.112110491714
70.2500864149	61.089798963021
71.2718974512	61.007309854059
72.3085710713	60.912134889870
73.3603234564	60.817084856581
74.4273739322	60.800706197550
75.5099450145	60.726625342919
76.6082624559	60.701969667499
77.7225552923	60.635337260877
78.8530558912	60.604712516743
80	60.600000000000
81.163626795	60.600000000000
82.3441789315	60.551925556072
83.5419025942	60.508366657572
84.7570475487	60.500000000000
85.9898671937	60.466014559684
87.2406186132	60.411732019648
88.5095626311	60.400000000000
89.7969638648	60.379242068405
91.1030907805	60.311420734729
92.4282157498	60.300000000000
93.7726151055	60.300000000000
95.1365692002	60.300000000000
96.520362464	60.297839300962
97.9242834644	60.221330560193
99.3486249659	60.200484794709
100.793683992	60.200000000000
102.259761885	60.200000000000
103.747164372	60.200000000000
105.256201627	60.200000000000
106.787188334	60.200000000000
108.340443755	60.200000000000
109.916291797	60.200000000000
111.515061076	60.200000000000
113.13708499	60.175913786664
114.782701785	60.108854902266
116.452254627	60.100000000000
118.146091675	60.100000000000
119.86456615	60.100000000000
121.608036412	60.100000000000
123.376866033	60.100000000000
125.171423873	60.100000000000
126.992084157	60.100000000000
128.839226556	60.100000000000
130.713236259	60.100000000000
132.614504061	60.100000000000
134.543426441	60.100000000000
136.500405642	60.100000000000
138.485849761	60.100000000000
140.50017283	60.100000000000
142.543794902	60.100000000000
144.617142143	60.100000000000
146.720646913	60.100000000000
148.854747864	60.100000000000
151.019890029	60.100000000000
153.216524912	60.100000000000
155.445110585	60.100000000000
157.706111782	60.100000000000
160	60.100000000000
162.32725359	60.100000000000
164.688357863	60.100000000000
167.083805188	60.100000000000
169.514095097	60.100000000000
171.979734387	60.100000000000
174.481237226	60.100000000000
177.019125262	60.100000000000
179.59392773	60.100000000000
182.206181561	60.038373995061
184.8564315	60.001162904854
187.545230211	60.000000000000
190.2731384	60.000000000000
193.040724928	60.000000000000
195.848566929	60.000000000000
198.697249932	59.969521075771
201.587367983	59.909091658771
204.51952377	59.900000000000
207.494328744	59.900000000000
210.512403253	59.900000000000
213.574376667	59.890560618887
216.68088751	59.809467003873
219.832583593	59.800000000000
223.030122152	59.800000000000
226.27416998	59.800000000000
229.56540357	59.727741132785
232.904509255	59.704245026638
236.29218335	59.700000000000
239.7291323	59.700000000000
243.216072824	59.700000000000
246.753732065	59.700000000000
250.342847745	59.700000000000
253.984168315	59.746180004673
257.678453112	59.795916354521
261.426472519	59.800000000000
265.229008123	59.800000000000
269.086852881	59.800000000000
273.000811284	59.800000000000
276.971699522	59.800000000000
281.00034566	59.816876944336
285.087589805	59.870666400957
289.234284285	59.816252316048
293.441293826	59.800000000000
297.709495729	59.878734046842
302.039780058	59.897100135776
306.433049824	59.900000000000
310.890221169	59.900000000000
315.412223565	59.900000000000
320	59.900000000000
324.65450718	59.900000000000
329.376715726	59.900000000000
334.167610377	59.900000000000
339.028190195	59.859395842835
343.959468775	59.846907561233
348.962474453	59.888836225113
354.038250524	59.900000000000
359.187855459	59.900000000000
364.412363122	59.900000000000
369.712862999	59.900000000000
375.090460422	59.909244440554
380.546276801	59.978509125373
386.081449856	60.000000000000
391.697133857	60.000000000000
397.394499864	60.000000000000
403.174735966	60.000000000000
409.039047539	60.000000000000
414.988657488	60.062191930021
421.024806507	60.095904187328
427.148753334	60.100000000000
433.36177502	60.147362346008
439.665167187	60.191037551110
446.060244304	60.200000000000
452.548339959	60.238600593718
459.13080714	60.292568401043
465.80901851	60.300000000000
472.584366701	60.325368980154
479.458264601	60.384979092251
486.432145648	60.400000000000
493.507464131	60.400000000000
500.68569549	60.400000000000
507.96833663	60.400000000000
515.356906224	60.401589226556
522.852945037	60.475747107468
530.458016246	60.498111069901
538.173705762	60.500000000000
546.001622567	60.500000000000
553.943399044	60.500000000000
562.000691319	60.500000000000
570.17517961	60.500000000000
578.46856857	60.500000000000
586.882587651	60.500000000000
595.418991457	60.500000000000
604.079560116	60.500000000000
612.866099647	60.500000000000
621.780442338	60.522649732140
630.82444713	60.590360466464
640	60.618720000000
649.30901436	60.697708312660
658.753431452	60.788213001839
668.335220754	60.803167383886
678.05638039	60.881302379351
687.918937549	60.900000000000
697.924948906	60.972354783510
708.076501049	60.998326555913
718.375710918	61.000000000000
728.824726244	61.000000000000
739.425725998	61.000000000000
750.180920844	60.948503380355
761.092553602	60.859525421977
772.162899712	60.722216321974
783.394267715	60.577070153778
794.788999727	60.475151302265
806.349471933	60.380304320550
818.078095079	60.335893841759
829.977314977	60.388201004031
842.049613014	60.416246874372
854.297506669	60.498948239017
866.72355004	60.584607696037
879.330334373	60.606833913508
892.120488607	60.683407278290
905.096679919	60.620988985789
918.261614279	60.601545231943
931.618037019	60.530819404961
945.168733401	60.503094169926
958.916529201	60.500000000000
972.864291295	60.556440128591
987.014928261	60.593353240261
1001.37139098	60.647922290563
1015.93667326	60.721877906451
1030.71381245	60.800349090154
1045.70589007	60.882975682885
1060.91603249	60.969397525860
1076.34741152	61.059254460293
1092.00324513	61.152186327398
1107.88679809	61.247832968389
1124.00138264	61.345834224482
1140.35035922	61.445829936890
1156.93713714	61.547459946827
1173.7651753	61.650364095509
1190.83798291	61.754182224150
1208.15912023	61.858554173964
1225.73219929	61.963119786165
1243.56088468	62.067518901968
1261.64889426	62.171391362588
1280	62.274377009238
1298.61802872	62.376115683133
1317.5068629	62.476247225488
1336.67044151	62.574411477517
1356.11276078	62.670248280435
1375.8378751	62.763397475455
1395.84989781	62.853498903793
1416.1530021	62.940192406662
1436.75142184	63.023117825277
1457.64945249	63.101915000853
1478.851452	63.176223774604
1500.36184169	63.245683987744
1522.1851072	63.309935481488
1544.32579942	63.362935930187
1566.78853543	63.412794059448
1589.57799945	63.535256794686
1612.69894387	63.673352920798
1636.15619016	63.808889742028
1659.95462995	64.004714352731
1684.09922603	64.167811994894
1708.59501334	64.299327301952
1733.44710008	64.374335610063
1758.66066875	64.454535758063
1784.24097721	64.527219671543
1810.19335984	64.635372221478
1836.52322856	64.830346701025
1863.23607404	65.042095909494
1890.3374668	65.228679198447
1917.8330584	65.355093688988
1945.72858259	65.469882645625
1974.02985652	65.584365474507
2002.74278196	65.698856023747
2031.87334652	65.816670069009
2061.4276249	66.010670541277
2091.41178015	66.144309129933
2121.83206498	66.188264412803
2152.69482305	66.348783170368
2184.00649027	66.493592954812
2215.77359618	66.557347618698
2248.00276528	66.587423854681
2280.70071844	66.615444216438
2313.87427428	66.738954096857
2347.5303506	66.903092163158
2381.67596583	67.077228135729
2416.31824047	67.292491654654
2451.46439859	67.518065199790
2487.12176935	67.745106008371
2523.29778852	67.951948433646
2560	68.081763506388
2597.23605744	68.136980161651
2635.01372581	68.179458414830
2673.34088301	68.226819738160
2712.22552156	68.350235482093
2751.6757502	68.411622806409
2791.69979562	68.456749535399
2832.3060042	68.502193321019
2873.50284367	68.482709671369
2915.29890498	68.375217127657
2957.70290399	68.178279120878
3000.72368338	67.943288734298
3044.37021441	67.703453300237
3088.65159885	67.462984184091
3133.57707086	67.182178244519
3179.15599891	66.888817653976
3225.39788773	66.637275001988
3272.31238031	66.447680536776
3319.90925991	66.348399654554
3368.19845205	66.228100111851
3417.19002668	66.158799875978
3466.89420016	66.092200909480
3517.32133749	65.960135307698
3568.48195443	65.887274052519
3620.38671968	65.829438039699
3673.04645712	65.846137646644
3726.47214808	65.812070911549
3780.67493361	65.690361548903
3835.6661168	65.665508626221
3891.45716518	65.639785937106
3948.05971304	65.535998741597
4005.48556392	65.344349856304
4063.74669304	65.154559884155
4122.85524979	65.003709383388
4182.8235603	64.862548658246
4243.66412997	64.692252674543
4305.3896461	64.445682881114
4368.01298054	64.135805428225
4431.54719235	63.838961709448
4496.00553056	63.594371039878
4561.40143688	63.302480708789
4627.74854856	63.002313624154
4695.06070121	62.708538548369
4763.35193166	62.421721951720
4832.63648093	62.218020191999
4902.92879718	62.112426595353
4974.24353871	61.970433362306
5046.59557704	61.939208373576
5120	62.030560619317
5194.47211488	62.170624173590
5270.02745161	62.325000618880
5346.68176603	62.444429259540
5424.45104312	62.615000220602
5503.35150039	62.806291279537
5583.39959125	62.928259283286
5664.61200839	62.957666330198
5747.00568734	62.807121760825
5830.59780995	62.557414052081
5915.40580799	62.261960730080
6001.44736675	62.017938557921
6088.74042881	61.722729007152
6177.3031977	61.350833602994
6267.15414172	60.973964632460
6358.31199782	60.683586675761
6450.79577546	60.419466306061
6544.62476063	60.299994366322
6639.81851981	60.364432868505
6736.39690411	60.494442381496
6834.38005335	60.635762764365
6933.78840032	60.781174792327
7034.64267499	61.023213045445
7136.96390886	61.307028539720
7240.77343935	61.560270818429
7346.09291423	61.805483364881
7452.94429615	62.049089496514
7561.34986721	62.315539161609
7671.33223361	62.657085882525
7782.91433036	63.066633972546
7896.11942609	63.432646545144
8010.97112785	63.500824705197
8127.49338608	63.352152180697
8245.71049958	62.938871647727
8365.64712059	62.158754027981
8487.32825993	61.153928330598
8610.7792922	60.098347540861
8736.02596108	59.095272229628
8863.0943847	58.169187829196
8992.01106111	57.265020301690
9122.80287376	56.301660881926
9255.49709713	55.481238503299
9390.12140242	55.110902818449
9526.70386332	55.180826954261
9665.27296186	55.364014967785
9805.85759435	55.522777732025
9948.48707741	55.919977688223
10093.1911541	56.716035266185
10240	57.614924429669
10388.9442298	58.266340097777
10540.0549032	58.514343284851
10693.3635321	58.434882265595
10848.9020862	58.405070869857
11006.7030008	58.299954476905
11166.7991825	57.948158330858
11329.2240168	57.555927800833
11494.0113747	57.202181369883
11661.1956199	56.969881449052
11830.811616	56.956415478313
12002.8947335	57.308198226816
12177.4808576	58.001786245666
12354.6063954	58.880391096033
12534.3082834	59.740389018792
12716.6239956	60.335744154158
12901.5915509	60.537850008710
13089.2495213	60.373310955487
13279.6370396	59.849905534007
13472.7938082	59.063178986112
13668.7601067	58.365858743380
13867.5768006	58.022893035115
14069.28535	57.812512943518
14273.9278177	57.545629260125
14481.5468787	57.339321954260
14692.1858285	57.225337530286
14905.8885923	56.845027039708
15122.6997344	56.175707208147
15342.6644672	55.424642713620
15565.8286607	54.783296718434
15792.2388522	54.639308276283
16021.9422557	55.086611496967
16254.9867722	55.717301813625
16491.4209992	55.928121337567
16731.2942412	55.345490651629
16974.6565199	54.102983276595
17221.5585844	52.786730225224
17472.0519222	51.725293724208
17726.1887694	50.711280210400
17984.0221222	50.031351983063
18245.6057475	49.658296732619
18510.9941943	49.600000000000
18780.2428048	49.590494753570
19053.4077266	49.355279006322
19330.5459237	48.917669512659
19611.7151887	48.709110158856
19896.9741548	48.555484402747
20186.3823082	48.500000000000
