20	0.000000000000
20.2909066988	0.000000000000
20.5860447329	0.000000000000
20.8854756485	0.000000000000
21.1892618872	0.000000000000
21.4974667984	0.000000000000
21.8101546533	0.000000000000
22.1273906578	0.000000000000
22.4492409662	0.000000000000
22.7757726951	0.000000000000
23.1070539374	0.000000000000
23.4431537764	0.000000000000
23.7841423001	0.000000000000
24.130090616	0.000000000000
24.4810708661	0.000000000000
24.8371562415	0.000000000000
25.1984209979	0.000000000000
25.5649404712	0.000000000000
25.936791093	0.000000000000
26.3140504067	0.000000000000
26.6967970834	0.000000000000
27.0851109387	0.000000000000
27.4790729492	0.000000000000
27.878765269	0.000000000000
28.2842712475	0.000000000000
28.6956754462	0.000000000000
29.1130636568	0.000000000000
29.5365229188	0.000000000000
29.9661415375	0.000000000000
30.402009103	0.000000000000
30.8442165082	0.000000000000
31.2928559682	0.000000000000
31.7480210394	0.000000000000
32.209806639	0.000000000000
32.6783090648	0.000000000000
33.1536260154	0.000000000000
33.6358566101	0.000000000000
34.1251014105	0.000000000000
34.6214624402	0.000000000000
35.1250432075	0.000000000000
35.6359487256	0.000000000000
36.1542855356	0.000000000000
36.6801617282	0.000000000000
37.2136869661	0.000000000000
37.7549725073	0.000000000000
38.3041312279	0.000000000000
38.8612776461	0.000000000000
39.4265279456	0.000000000000
40	0.000000000000
40.5818133975	0.000000000000
41.1720894657	0.000000000000
41.7709512971	0.000000000000
42.3785237744	0.000000000000
42.9949335968	0.000000000000
43.6203093066	0.000000000000
44.2547813156	0.000000000000
44.8984819324	0.000000000000
45.5515453903	0.000000000000
46.2141078749	0.000000000000
46.8863075528	0.000000000000
47.5682846001	0.000000000000
48.260181232	0.000000000000
48.9621417322	0.000000000000
49.6743124829	0.000000000000
50.3968419958	0.000000000000
51.1298809424	0.000000000000
51.873582186	0.000000000000
52.6281008133	0.000000000000
53.3935941668	0.000000000000
54.1702218775	0.000000000000
54.9581458983	0.000000000000
55.757530538	0.000000000000
56.5685424949	0.000000000000
57.3913508924	0.000000000000
58.2261273137	0.000000000000
59.0730458376	0.000000000000
59.9322830751	0.000000000000
60.804018206	0.000000000000
61.6884330163	0.000000000000
62.5857119363	0.000000000000
63.4960420787	0.000000000000
64.419613278	0.000000000000
65.3566181296	0.000000000000
66.3072520307	0.000000000000
67.2717132203	0.000000000000
68.2502028209	0.000000000000
69.2429248805	0.000000000000
70.2500864149	0.000000000000
71.2718974512	0.000000000000
72.3085710713	0.000000000000
73.3603234564	0.000000000000
74.4273739322	0.000000000000
75.5099450145	0.000000000000
76.6082624559	0.000000000000
77.7225552923	0.000000000000
78.8530558912	0.000000000000
80	0.000000000000
81.163626795	0.000000000000
82.3441789315	0.000000000000
83.5419025942	0.000000000000
84.7570475487	0.000000000000
85.9898671937	0.000000000000
87.2406186132	0.000000000000
88.5095626311	0.000000000000
89.7969638648	0.000000000000
91.1030907805	0.000000000000
92.4282157498	0.000000000000
93.7726151055	0.000000000000
95.1365692002	0.000000000000
96.520362464	0.000000000000
97.9242834644	0.000000000000
99.3486249659	0.000000000000
100.793683992	0.000000000000
102.259761885	0.000000000000
103.747164372	0.000000000000
105.256201627	0.000000000000
106.787188334	0.000000000000
108.340443755	0.000000000000
109.916291797	0.000000000000
111.515061076	0.000000000000
113.13708499	0.000000000000
114.782701785	0.000000000000
116.452254627	0.000000000000
118.146091675	0.000000000000
119.86456615	0.000000000000
121.608036412	0.000000000000
123.376866033	0.000000000000
125.171423873	0.000000000000
126.992084157	0.000000000000
128.839226556	0.000000000000
130.713236259	0.000000000000
132.614504061	0.000000000000
134.543426441	0.000000000000
136.500405642	0.000000000000
138.485849761	0.000000000000
140.50017283	0.000000000000
142.543794902	0.000000000000
144.617142143	0.000000000000
146.720646913	0.000000000000
148.854747864	0.000000000000
151.019890029	0.000000000000
153.216524912	0.000000000000
155.445110585	0.000000000000
157.706111782	0.000000000000
160	0.000000000000
162.32725359	0.000000000000
164.688357863	0.000000000000
167.083805188	0.000000000000
169.514095097	0.000000000000
171.979734387	0.000000000000
174.481237226	0.000000000000
177.019125262	0.000000000000
179.59392773	0.000000000000
182.206181561	0.000000000000
184.8564315	0.000000000000
187.545230211	0.000000000000
190.2731384	0.000000000000
193.040724928	0.000000000000
195.848566929	0.000000000000
198.697249932	0.000000000000
201.587367983	0.000000000000
204.51952377	0.000000000000
207.494328744	0.000000000000
210.512403253	0.000000000000
213.574376667	0.000000000000
216.68088751	0.000000000000
219.832583593	0.000000000000
223.030122152	0.000000000000
226.27416998	0.000000000000
229.56540357	0.000000000000
232.904509255	0.000000000000
236.29218335	0.000000000000
239.7291323	0.000000000000
243.216072824	0.000000000000
246.753732065	0.000000000000
250.342847745	0.000000000000
253.984168315	0.000000000000
257.678453112	0.000000000000
261.426472519	0.000000000000
265.229008123	0.000000000000
269.086852881	0.000000000000
273.000811284	0.000000000000
276.971699522	0.000000000000
281.00034566	0.000000000000
285.087589805	0.000000000000
289.234284285	0.000000000000
293.441293826	0.000000000000
297.709495729	0.000000000000
302.039780058	0.000000000000
306.433049824	0.000000000000
310.890221169	0.000000000000
315.412223565	0.000000000000
320	0.000000000000
324.65450718	0.000000000000
329.376715726	0.000000000000
334.167610377	0.000000000000
339.028190195	0.000000000000
343.959468775	0.000000000000
348.962474453	0.000000000000
354.038250524	0.000000000000
359.187855459	0.000000000000
364.412363122	0.000000000000
369.712862999	0.000000000000
375.090460422	0.000000000000
380.546276801	0.000000000000
386.081449856	0.000000000000
391.697133857	0.000000000000
397.394499864	0.000000000000
403.174735966	0.000000000000
409.039047539	0.000000000000
414.988657488	0.000000000000
421.024806507	0.000000000000
427.148753334	0.000000000000
433.36177502	0.000000000000
439.665167187	0.000000000000
446.060244304	0.000000000000
452.548339959	0.000000000000
459.13080714	0.000000000000
465.80901851	0.000000000000
472.584366701	0.000000000000
479.458264601	0.000000000000
486.432145648	0.000000000000
493.507464131	0.000000000000
500.68569549	0.000000000000
507.96833663	0.000000000000
515.356906224	0.000000000000
522.852945037	0.000000000000
530.458016246	0.000000000000
538.173705762	0.000000000000
546.001622567	0.000000000000
553.943399044	0.000000000000
562.000691319	0.000000000000
570.17517961	0.000000000000
578.46856857	0.000000000000
586.882587651	0.000000000000
595.418991457	0.000000000000
604.079560116	0.000000000000
612.866099647	0.000000000000
621.780442338	0.000000000000
630.82444713	0.000000000000
640	0.000000000000
649.30901436	0.000000000000
658.753431452	0.000000000000
668.335220754	0.000000000000
678.05638039	0.000000000000
687.918937549	0.000000000000
697.924948906	0.000000000000
708.076501049	0.000000000000
718.375710918	0.000000000000
728.824726244	0.000000000000
739.425725998	0.000000000000
750.180920844	0.000000000000
761.092553602	0.000000000000
772.162899712	0.000000000000
783.394267715	0.000000000000
794.788999727	0.000000000000
806.349471933	0.000000000000
818.078095079	0.000000000000
829.977314977	0.000000000000
842.049613014	0.000000000000
854.297506669	0.000000000000
866.72355004	0.000000000000
879.330334373	0.000000000000
892.120488607	0.000000000000
905.096679919	0.000000000000
918.261614279	0.000000000000
931.618037019	0.000000000000
945.168733401	0.000000000000
958.916529201	0.000000000000
972.864291295	0.000000000000
987.014928261	0.000000000000
1001.37139098	-0.000068751228
1015.93667326	-0.009007547553
1030.71381245	-0.032243288516
1045.70589007	-0.068360034572
1060.91603249	-0.115489910134
1076.34741152	-0.171409016869
1092.00324513	-0.233642598021
1107.88679809	-0.299574842115
1124.00138264	-0.366559099993
1140.35035922	-0.432018153801
1156.93713714	-0.493535477902
1173.7651753	-0.548933128542
1190.83798291	-0.596332993486
1208.15912023	-0.634203010577
1225.73219929	-0.661383949623
1243.56088468	-0.677103207807
1261.64889426	-0.681034766804
1280	-0.680830115605
1298.61802872	-0.681950660874
1317.5068629	-0.684481662787
1336.67044151	-0.688504929511
1356.11276078	-0.694100869935
1375.8378751	-0.701347050482
1395.84989781	-0.710317482006
1416.1530021	-0.721084716984
1436.75142184	-0.733717726904
1457.64945249	-0.748283073385
1478.851452	-0.764843391085
1500.36184169	-0.783457382955
1522.1851072	-0.804181682342
1544.32579942	-0.827068597181
1566.78853543	-0.852165490779
1589.57799945	-0.879515292836
1612.69894387	-0.909156661831
1636.15619016	-0.941123851420
1659.95462995	-0.975445121522
1684.09922603	-1.012140367901
1708.59501334	-1.051222893728
1733.44710008	-1.092698225630
1758.66066875	-1.136565300143
1784.24097721	-1.182813274525
1810.19335984	-1.231420420821
1836.52322856	-1.282354536961
1863.23607404	-1.335571657304
1890.3374668	-1.391015757379
1917.8330584	-1.448619668509
1945.72858259	-1.508304050160
1974.02985652	-1.569973386205
2002.74278196	-1.633519983235
2031.87334652	-1.698822902552
2061.4276249	-1.765745291747
2091.41178015	-1.834138588077
2121.83206498	-1.903841021020
2152.69482305	-1.974677855283
2184.00649027	-2.046465562418
2215.77359618	-2.119008625923
2248.00276528	-2.192100531817
2280.70071844	-2.265524834795
2313.87427428	-2.339061675825
2347.5303506	-2.412485780524
2381.67596583	-2.485569844444
2416.31824047	-2.558085716353
2451.46439859	-2.629805129800
2487.12176935	-2.700504777363
2523.29778852	-2.769964406037
2560	-2.837970324057
2597.23605744	-2.904316441707
2635.01372581	-2.968812104234
2673.34088301	-3.031278925326
2712.22552156	-3.091551656137
2751.6757502	-3.149482511351
2791.69979562	-3.204939903880
2832.3060042	-3.257808596722
2873.50284367	-3.307999378422
2915.29890498	-3.355443949519
2957.70290399	-3.400093964424
3000.72368338	-3.441922475340
3044.37021441	-3.480924424034
3088.65159885	-3.517120338535
3133.57707086	-3.550552194198
3179.15599891	-3.581283193448
3225.39788773	-3.609397758105
3272.31238031	-3.634999773175
3319.90925991	-3.658211343581
3368.19845205	-3.679168805899
3417.19002668	-3.698021426772
3466.89420016	-3.714933048216
3517.32133749	-3.730073880394
3568.48195443	-3.743636927397
3620.38671968	-3.755804810314
3673.04645712	-3.766759445603
3726.47214808	-3.776680338984
3780.67493361	-3.785737706619
3835.6661168	-3.794085703702
3891.45716518	-3.801860553294
3948.05971304	-3.809177275355
4005.48556392	-3.816124635751
4063.74669304	-3.822761956627
4122.85524979	-3.829105650766
4182.8235603	-3.835131772598
4243.66412997	-3.840776644388
4305.3896461	-3.845934880348
4368.01298054	-3.850453589043
4431.54719235	-3.854130523481
4496.00553056	-3.856712968051
4561.40143688	-3.857902987927
4627.74854856	-3.857354959272
4695.06070121	-3.854680046169
4763.35193166	-3.849455653771
4832.63648093	-3.841221622817
4902.92879718	-3.829489315726
4974.24353871	-3.813747869079
5046.59557704	-3.793471984713
5120	-3.768130251897
5194.47211488	-3.737193959844
5270.02745161	-3.700145985295
5346.68176603	-3.656491663937
5424.45104312	-3.605767341049
5503.35150039	-3.547548455319
5583.39959125	-3.481461158640
5664.61200839	-3.407190475491
5747.00568734	-3.324487565789
5830.59780995	-3.233177057933
5915.40580799	-3.133162936341
6001.44736675	-3.024434524388
6088.74042881	-2.907069955967
6177.3031977	-2.781238648825
6267.15414172	-2.647202686146
6358.31199782	-2.505316218161
6450.79577546	-2.356023725772
6544.62476063	-2.199856963489
6639.81851981	-2.037429890942
6736.39690411	-1.869432360447
6834.38005335	-1.696623274990
6933.78840032	-1.519821956838
7034.64267499	-1.339901069519
7136.96390886	-1.157774088772
7240.77343935	-0.974381807107
7346.09291423	-0.790687010299
7452.94429615	-0.607660643497
7561.34986721	-0.426268983882
7671.33223361	-0.247462564249
7782.91433036	-0.072163528368
7896.11942609	0.098743110556
8010.97112785	0.264420736078
8127.49338608	0.424091126835
8245.71049958	0.577043111462
8365.64712059	0.722639891191
8487.32825993	0.860325514391
8610.7792922	0.989628752246
8736.02596108	1.110169208234
8863.0943847	1.221658291548
8992.01106111	1.323899946967
9122.80287376	1.416792352508
9255.49709713	1.500324010779
9390.12140242	1.574572025181
9526.70386332	1.639696487306
9665.27296186	1.695935539701
9805.85759435	1.743600775677
9948.48707741	1.783067752932
10093.1911541	1.814759386121
10240	1.806798292172
10388.9442298	1.730407751152
10540.0549032	1.591766361744
10693.3635321	1.401985114080
10848.9020862	1.176042249071
11006.7030008	0.931426361501
11166.7991825	0.686625016831
11329.2240168	0.459608557938
11494.0113747	0.266439282515
11661.1956199	0.120117744527
11830.811616	0.029740230333
12002.8947335	0.000000000000
12177.4808576	0.000000000000
12354.6063954	0.000000000000
12534.3082834	0.000000000000
12716.6239956	0.000000000000
12901.5915509	0.000000000000
13089.2495213	0.000000000000
13279.6370396	0.000000000000
13472.7938082	0.000000000000
13668.7601067	0.000000000000
13867.5768006	0.000000000000
14069.28535	0.000000000000
14273.9278177	0.000000000000
14481.5468787	0.000000000000
14692.1858285	0.000000000000
14905.8885923	0.000000000000
15122.6997344	0.000000000000
15342.6644672	0.000000000000
15565.8286607	0.000000000000
15792.2388522	0.000000000000
16021.9422557	0.000000000000
16254.9867722	0.000000000000
16491.4209992	0.000000000000
16731.2942412	0.000000000000
16974.6565199	0.000000000000
17221.5585844	0.000000000000
17472.0519222	0.000000000000
17726.1887694	0.000000000000
17984.0221222	0.000000000000
18245.6057475	0.000000000000
18510.9941943	0.000000000000
18780.2428048	0.000000000000
19053.4077266	0.000000000000
19330.5459237	0.000000000000
19611.7151887	0.000000000000
19896.9741548	0.000000000000
20186.3823082	0.000000000000
