20	3.756109102592
20.2909066988	3.755062716298
20.5860447329	3.754014417643
20.8854756485	3.752961699613
21.1892618872	3.751901911087
21.4974667984	3.750832600485
21.8101546533	3.749752243484
22.1273906578	3.748661132133
22.4492409662	3.747562236042
22.7757726951	3.746461844541
23.1070539374	3.745370028376
23.4431537764	3.744301172992
23.7841423001	3.743274086044
24.130090616	3.742311847435
24.4810708661	3.741441039538
24.8371562415	3.740690094656
25.1984209979	3.740086813179
25.5649404712	3.739655616694
25.936791093	3.739414979566
26.3140504067	3.739375095488
26.6967970834	3.739536042736
27.0851109387	3.739886644581
27.4790729492	3.740403780771
27.878765269	3.741051617044
28.2842712475	3.741780637386
28.6956754462	3.742526803553
29.1130636568	3.743210871847
29.5365229188	3.743737736886
29.9661415375	3.743995827336
30.402009103	3.743856635685
30.8442165082	3.743174479000
31.2928559682	3.741786707162
31.7480210394	3.739515159039
32.209806639	3.736170479210
32.6783090648	3.731560821479
33.1536260154	3.725503770828
33.6358566101	3.717837981515
34.1251014105	3.708430653100
34.6214624402	3.697178758191
35.1250432075	3.684006554453
35.6359487256	3.668863622294
36.1542855356	3.651726137258
36.6801617282	3.632600656588
37.2136869661	3.611528202134
37.7549725073	3.588586872353
38.3041312279	3.563891917474
38.8612776461	3.537592517896
39.4265279456	3.509865349141
40	3.480904425637
40.5818133975	3.450909027673
41.1720894657	3.420072232778
41.7709512971	3.388570381841
42.3785237744	3.356554355436
42.9949335968	3.324143905650
43.6203093066	3.291427234921
44.2547813156	3.258466119852
44.8984819324	3.225303871006
45.5515453903	3.191971756842
46.2141078749	3.158489811560
46.8863075528	3.124862072138
47.5682846001	3.091069180973
48.260181232	3.057064079843
48.9621417322	3.022773685758
49.6743124829	2.988107685511
50.3968419958	2.952971825067
51.1298809424	2.917280179475
51.873582186	2.880961453470
52.6281008133	2.843958187828
53.3935941668	2.806219353970
54.1702218775	2.767690295209
54.9581458983	2.728305477327
55.757530538	2.687986585665
56.5685424949	2.646646191155
57.3913508924	2.604196053452
58.2261273137	2.560556529032
59.0730458376	2.515665003051
59.9322830751	2.469482020996
60.804018206	2.421993797557
61.6884330163	2.373211912804
62.5857119363	2.323172592145
63.4960420787	2.271934890368
64.419613278	2.219577871074
65.3566181296	2.166196282377
66.3072520307	2.111895692958
67.2717132203	2.056788652631
68.2502028209	2.000991086271
69.2429248805	1.944617245595
70.2500864149	1.887772994256
71.2718974512	1.830549727020
72.3085710713	1.773021044771
73.3603234564	1.715244310108
74.4273739322	1.657265846931
75.5099450145	1.599124687460
76.6082624559	1.540852391889
77.7225552923	1.482470622350
78.8530558912	1.423988794599
80	1.365403982654
81.163626795	1.306704953716
82.3441789315	1.247878501820
83.5419025942	1.188913938103
84.7570475487	1.129802679686
85.9898671937	1.070535027198
87.2406186132	1.011095220406
88.5095626311	0.951457509658
89.7969638648	0.891587002189
91.1030907805	0.831445728835
92.4282157498	0.771001301835
93.7726151055	0.710233907914
95.1365692002	0.649137945330
96.520362464	0.587716659102
97.9242834644	0.525974865857
99.3486249659	0.463915738826
100.793683992	0.401541520244
102.259761885	0.338856160100
103.747164372	0.275868694110
105.256201627	0.212597685082
106.787188334	0.149077185145
108.340443755	0.085361734390
109.916291797	0.021524964495
111.515061076	-0.042349276519
113.13708499	-0.106177446491
114.782701785	-0.169882496449
116.452254627	-0.233392586705
118.146091675	-0.296635360498
119.86456615	-0.359532888887
121.608036412	-0.422000066603
123.376866033	-0.483946499638
125.171423873	-0.545281750342
126.992084157	-0.605921285776
128.839226556	-0.665789611493
130.713236259	-0.724818566433
132.614504061	-0.782941956055
134.543426441	-0.840090968269
136.500405642	-0.896193418753
138.485849761	-0.951173861475
140.50017283	-1.004950113753
142.543794902	-1.057424125572
144.617142143	-1.108470654339
146.720646913	-1.157931757253
148.854747864	-1.205621173073
151.019890029	-1.251338357899
153.216524912	-1.294887690845
155.445110585	-1.336098157433
157.706111782	-1.374839078330
160	-1.411029620242
162.32725359	-1.444643043972
164.688357863	-1.475705733504
167.083805188	-1.504294446934
169.514095097	-1.530533585065
171.979734387	-1.554590608801
174.481237226	-1.576665649664
177.019125262	-1.596974861963
179.59392773	-1.615731722587
182.206181561	-1.633133477873
184.8564315	-1.649353437618
187.545230211	-1.664536739280
190.2731384	-1.678797659180
193.040724928	-1.692219559037
195.848566929	-1.704860770218
198.697249932	-1.716769163726
201.587367983	-1.728000125969
204.51952377	-1.738632089454
207.494328744	-1.748772319350
210.512403253	-1.758552774817
213.574376667	-1.768120404584
216.68088751	-1.777625178524
219.832583593	-1.787206803840
223.030122152	-1.796982025472
226.27416998	-1.807031130982
229.56540357	-1.817385694012
232.904509255	-1.828021560475
236.29218335	-1.838863667057
239.7291323	-1.849801545951
243.216072824	-1.860709847528
246.753732065	-1.871463566666
250.342847745	-1.881942378526
253.984168315	-1.892022621996
257.678453112	-1.901564324421
261.426472519	-1.910402977812
265.229008123	-1.918355557751
269.086852881	-1.925240638653
273.000811284	-1.930907577833
276.971699522	-1.935265919837
281.00034566	-1.938301536457
285.087589805	-1.940080819617
289.234284285	-1.940744442787
293.441293826	-1.940494499038
297.709495729	-1.939574497951
302.039780058	-1.938247741566
306.433049824	-1.936776214219
310.890221169	-1.935400557849
315.412223565	-1.934323268425
320	-1.933696983916
324.65450718	-1.933617771118
329.376715726	-1.934125160624
334.167610377	-1.935205267386
339.028190195	-1.936797241939
343.959468775	-1.938801936727
348.962474453	-1.941092132745
354.038250524	-1.943524767521
359.187855459	-1.945962794294
364.412363122	-1.948307137018
369.712862999	-1.950525888770
375.090460422	-1.952663020858
380.546276801	-1.954812054766
386.081449856	-1.957062194460
391.697133857	-1.959439814622
397.394499864	-1.961869156223
403.174735966	-1.964163434132
409.039047539	-1.966037049136
414.988657488	-1.967137574633
421.024806507	-1.967088751726
427.148753334	-1.965534909127
433.36177502	-1.962179805850
439.665167187	-1.956816158821
446.060244304	-1.949340981224
452.548339959	-1.939757242855
459.13080714	-1.928157431790
465.80901851	-1.914679860343
472.584366701	-1.899444435103
479.458264601	-1.882489564109
486.432145648	-1.863735064932
493.507464131	-1.842984120267
500.68569549	-1.819963336400
507.96833663	-1.794385682813
515.356906224	-1.766012090195
522.852945037	-1.734692487836
530.458016246	-1.700378730528
538.173705762	-1.663117837374
546.001622567	-1.623044956992
553.943399044	-1.580385625270
562.000691319	-1.535455397624
570.17517961	-1.488643726868
578.46856857	-1.440389788668
586.882587651	-1.391156435902
595.418991457	-1.341413752873
604.079560116	-1.291628033869
612.866099647	-1.242247892350
621.780442338	-1.193686292029
630.82444713	-1.146301128201
640	-1.100377288582
649.30901436	-1.056121935169
658.753431452	-1.013683855240
668.335220754	-0.973193873383
678.05638039	-0.934802451946
687.918937549	-0.898686336545
697.924948906	-0.865003143473
708.076501049	-0.833815681834
718.375710918	-0.805029658004
728.824726244	-0.778371565862
739.425725998	-0.753404208186
750.180920844	-0.729556504967
761.092553602	-0.706145401965
772.162899712	-0.682389611019
783.394267715	-0.657437928684
794.788999727	-0.630440737451
806.349471933	-0.600655265771
818.078095079	-0.567554209206
829.977314977	-0.530898518616
842.049613014	-0.490752710884
854.297506669	-0.447447700548
866.72355004	-0.401506543528
879.330334373	-0.353560785817
892.120488607	-0.304276121257
905.096679919	-0.254277040512
918.261614279	-0.204072059567
931.618037019	-0.153991871182
945.168733401	-0.104164468355
958.916529201	-0.054552480010
972.864291295	-0.005052513197
987.014928261	0.044390738865
1001.37139098	0.093716978611
1015.93667326	0.142759389670
1030.71381245	0.191326369617
1045.70589007	0.239311737068
1060.91603249	0.286766590448
1076.34741152	0.333901546111
1092.00324513	0.381029333934
1107.88679809	0.428464659198
1124.00138264	0.476449803373
1140.35035922	0.525133156745
1156.93713714	0.574592449117
1173.7651753	0.624856388628
1190.83798291	0.675914827808
1208.15912023	0.727717722650
1225.73219929	0.780188568349
1243.56088468	0.833245077992
1261.64889426	0.886818660810
1280	0.940890402119
1298.61802872	0.995555183186
1317.5068629	1.051122426047
1336.67044151	1.108209547176
1356.11276078	1.167792213163
1375.8378751	1.231110197612
1395.84989781	1.299438395866
1416.1530021	1.373832560266
1436.75142184	1.454981320577
1457.64945249	1.543199937129
1478.851452	1.638469179470
1500.36184169	1.740498551350
1522.1851072	1.848768529758
1544.32579942	1.962631666763
1566.78853543	2.081579629930
1589.57799945	2.205590053296
1612.69894387	2.335362088435
1636.15619016	2.472275629371
1659.95462995	2.618069758928
1684.09922603	2.774381189543
1708.59501334	2.942315358969
1733.44710008	3.122164052859
1758.66066875	3.313307920839
1784.24097721	3.514280939589
1810.19335984	3.722945316549
1836.52322856	3.936770601287
1863.23607404	4.153182794781
1890.3374668	4.369892778680
1917.8330584	4.585159043537
1945.72858259	4.797928382597
1974.02985652	5.007793224539
2002.74278196	5.214774983565
2031.87334652	5.418978655375
2061.4276249	5.620220365121
2091.41178015	5.817831503188
2121.83206498	6.010744279818
2152.69482305	6.197806956693
2184.00649027	6.378154668623
2215.77359618	6.551366148463
2248.00276528	6.717504334726
2280.70071844	6.876935699583
2313.87427428	7.030154558275
2347.5303506	7.177665022783
2381.67596583	7.319919445264
2416.31824047	7.457305529138
2451.46439859	7.590160054958
2487.12176935	7.718790578862
2523.29778852	7.843447309367
2560	7.964326336032
2597.23605744	8.081516764066
2635.01372581	8.194839614723
2673.34088301	8.303673112844
2712.22552156	8.406882185048
2751.6757502	8.502911061463
2791.69979562	8.590127726217
2832.3060042	8.667271319673
2873.50284367	8.733740269493
2915.29890498	8.789469490765
2957.70290399	8.834510679609
3000.72368338	8.868502654226
3044.37021441	8.890390258262
3088.65159885	8.898792417907
3133.57707086	8.892764240992
3179.15599891	8.872351945685
3225.39788773	8.838611502191
3272.31238031	8.792989246901
3319.90925991	8.736641889268
3368.19845205	8.670195308545
3417.19002668	8.594052207565
3466.89420016	8.508935301498
3517.32133749	8.416153173337
3568.48195443	8.317313541897
3620.38671968	8.213760552875
3673.04645712	8.106205759462
3726.47214808	7.994765290963
3780.67493361	7.879312362980
3835.6661168	7.759719485925
3891.45716518	7.635738190876
3948.05971304	7.506711204194
4005.48556392	7.371301608346
4063.74669304	7.227541450956
4122.85524979	7.073382720329
4182.8235603	6.907569056339
4243.66412997	6.730238456726
4305.3896461	6.543039147280
4368.01298054	6.348463968537
4431.54719235	6.148885177918
4496.00553056	5.946072039908
4561.40143688	5.741264742663
4627.74854856	5.535706916473
4695.06070121	5.331647623148
4763.35193166	5.132943134479
4832.63648093	4.944725360537
4902.92879718	4.772162296826
4974.24353871	4.618949677018
5046.59557704	4.486470586888
5120	4.373558280710
5194.47211488	4.277143743649
5270.02745161	4.192987335481
5346.68176603	4.116601879948
5424.45104312	4.044095939402
5503.35150039	3.972710689847
5583.39959125	3.901199159625
5664.61200839	3.830004827791
5747.00568734	3.760729512922
5830.59780995	3.695384020138
5915.40580799	3.635992155451
6001.44736675	3.584709720879
6088.74042881	3.544313292179
6177.3031977	3.518457375199
6267.15414172	3.510906271855
6358.31199782	3.524348026042
6450.79577546	3.559260217679
6544.62476063	3.613866465854
6639.81851981	3.685065157607
6736.39690411	3.769767618508
6834.38005335	3.865809122594
6933.78840032	3.971930533617
7034.64267499	4.086882521360
7136.96390886	4.208665601391
7240.77343935	4.334449254655
7346.09291423	4.460913575215
7452.94429615	4.584778251693
7561.34986721	4.702944105199
7671.33223361	4.812365405343
7782.91433036	4.910031840807
7896.11942609	4.993196424366
8010.97112785	5.059816526865
8127.49338608	5.108718455462
8245.71049958	5.138520985135
8365.64712059	5.146651464701
8487.32825993	5.130022173396
8610.7792922	5.085934724490
8736.02596108	5.013466445760
8863.0943847	4.914393749898
8992.01106111	4.792568019392
9122.80287376	4.652751866116
9255.49709713	4.499740848350
9390.12140242	4.337643952445
9526.70386332	4.169578601823
9665.27296186	3.997798361213
9805.85759435	3.823810222368
9948.48707741	3.647991724404
10093.1911541	3.469025637657
10240	3.284041179358
10388.9442298	3.090011239525
10540.0549032	2.886024051585
10693.3635321	2.674999130684
10848.9020862	2.463146187215
11006.7030008	2.257468527468
11166.7991825	2.063651863425
11329.2240168	1.886437706502
11494.0113747	1.731209094335
11661.1956199	1.605491411955
11830.811616	1.515786633632
12002.8947335	1.466232289760
12177.4808576	1.455821275891
12354.6063954	1.480075197269
12534.3082834	1.528950375808
12716.6239956	1.589658070074
12901.5915509	1.648107884243
13089.2495213	1.690807008328
13279.6370396	1.703116894759
13472.7938082	1.673382279153
13668.7601067	1.595196989405
13867.5768006	1.465762039818
14069.28535	1.285505032325
14273.9278177	1.059595318843
14481.5468787	0.797617983801
14692.1858285	0.517432788675
14905.8885923	0.240832171094
15122.6997344	-0.017549952651
15342.6644672	-0.257129962646
15565.8286607	-0.493670816109
15792.2388522	-0.755778623104
16021.9422557	-1.075276005736
16254.9867722	-1.476973415393
16491.4209992	-1.973173772210
16731.2942412	-2.565427258147
16974.6565199	-3.254999889261
17221.5585844	-4.045163955272
17472.0519222	-4.935143373296
17726.1887694	-5.914181758993
17984.0221222	-6.961231316465
18245.6057475	-8.056400445841
18510.9941943	-9.198094369018
18780.2428048	-10.409795474770
19053.4077266	-11.727209421230
19330.5459237	-13.157563291205
19611.7151887	-14.589754130323
19896.9741548	-15.742150914767
20186.3823082	-16.455035506473
