20	7.689220393043
20.2909066988	7.689598696631
20.5860447329	7.689977708286
20.8854756485	7.690358362975
21.1892618872	7.690741614070
21.4974667984	7.691128114691
21.8101546533	7.691517896749
22.1273906578	7.691910047111
22.4492409662	7.692302380835
22.7757726951	7.692691112196
23.1070539374	7.693070525316
23.4431537764	7.693432647539
23.7841423001	7.693766930325
24.130090616	7.694059944365
24.4810708661	7.694295097784
24.8371562415	7.694452388789
25.1984209979	7.694508206811
25.5649404712	7.694435199168
25.936791093	7.694202223391
26.3140504067	7.693774408648
26.6967970834	7.693113353068
27.0851109387	7.692177487096
27.4790729492	7.690922636238
27.878765269	7.689302819480
28.2842712475	7.687271179966
28.6956754462	7.684780518882
29.1130636568	7.681783471100
29.5365229188	7.678232789157
29.9661415375	7.674081347450
30.402009103	7.669281906208
30.8442165082	7.663787104980
31.2928559682	7.657549440035
31.7480210394	7.650521555078
32.209806639	7.642656454485
32.6783090648	7.633907680405
33.1536260154	7.624229930072
33.6358566101	7.613579719781
34.1251014105	7.601916136408
34.6214624402	7.589202154453
35.1250432075	7.575406118307
35.6359487256	7.560503277018
36.1542855356	7.544477103794
36.6801617282	7.527319681003
37.2136869661	7.509032196767
37.7549725073	7.489624666806
38.3041312279	7.469115770458
38.8612776461	7.447531892550
39.4265279456	7.424906249642
40	7.401277171096
40.5818133975	7.376686709861
41.1720894657	7.351179244949
41.7709512971	7.324799580357
42.3785237744	7.297591259915
42.9949335968	7.269594598029
43.6203093066	7.240845463640
44.2547813156	7.211374013616
44.8984819324	7.181204586270
45.5515453903	7.150354864144
46.2141078749	7.118835847297
46.8863075528	7.086652311063
47.5682846001	7.053802796365
48.260181232	7.020280394934
48.9621417322	6.986073700708
49.6743124829	6.951167936370
50.3968419958	6.915545300245
51.1298809424	6.879185025561
51.873582186	6.842063979283
52.6281008133	6.804157662663
53.3935941668	6.765440491230
54.1702218775	6.725885866448
54.9581458983	6.685466724506
55.757530538	6.644156262230
56.5685424949	6.601929205953
57.3913508924	6.558763151743
58.2261273137	6.514639834907
59.0730458376	6.469546350502
59.9322830751	6.423476342872
60.804018206	6.376431176886
61.6884330163	6.328420922335
62.5857119363	6.279464799767
63.4960420787	6.229591768069
64.419613278	6.178839999556
65.3566181296	6.127256437612
66.3072520307	6.074895679773
67.2717132203	6.021818666027
68.2502028209	5.968091649654
69.2429248805	5.913784479172
70.2500864149	5.858969208625
71.2718974512	5.803718960247
72.3085710713	5.748105851003
73.3603234564	5.692199008308
74.4273739322	5.636063159321
75.5099450145	5.579757912690
76.6082624559	5.523336147590
77.7225552923	5.466842770314
78.8530558912	5.410313202317
80	5.353772322479
81.163626795	5.297233045472
82.3441789315	5.240695490066
83.5419025942	5.184146333563
84.7570475487	5.127558359278
85.9898671937	5.070890823665
87.2406186132	5.014089876155
88.5095626311	4.957088678093
89.7969638648	4.899808934464
91.1030907805	4.842162282318
92.4282157498	4.784051846380
93.7726151055	4.725374288001
95.1365692002	4.666022483783
96.520362464	4.605888764916
97.9242834644	4.544867781944
99.3486249659	4.482858474997
100.793683992	4.419766814251
102.259761885	4.355509457070
103.747164372	4.290016900711
105.256201627	4.223236686970
106.787188334	4.155136520012
108.340443755	4.085705987981
109.916291797	4.014958060573
111.515061076	3.942929660882
113.13708499	3.869680802370
114.782701785	3.795294106450
116.452254627	3.719873177774
118.146091675	3.643541390525
119.86456615	3.566439958237
121.608036412	3.488725834224
123.376866033	3.410570222295
125.171423873	3.332156718154
126.992084157	3.253678813559
128.839226556	3.175337751737
130.713236259	3.097341215788
132.614504061	3.019901248281
134.543426441	2.943232644576
136.500405642	2.867551753851
138.485849761	2.793074543908
140.50017283	2.720014375430
142.543794902	2.648579392636
144.617142143	2.578969444210
146.720646913	2.511373296937
148.854747864	2.445965804660
151.019890029	2.382904136989
153.216524912	2.322324479230
155.445110585	2.264338348600
157.706111782	2.209028579687
160	2.156446868351
162.32725359	2.106612161750
164.688357863	2.059509214471
167.083805188	2.015086982244
169.514095097	1.973260013852
171.979734387	1.933911749696
174.481237226	1.896897086294
177.019125262	1.862047650834
179.59392773	1.829177523140
182.206181561	1.798088768972
184.8564315	1.768577149945
187.545230211	1.740438072824
190.2731384	1.713471830512
193.040724928	1.687488189662
195.848566929	1.662310364551
198.697249932	1.637778055692
201.587367983	1.613751332007
204.51952377	1.590112449102
207.494328744	1.566766592537
210.512403253	1.543643633549
213.574376667	1.520701139626
216.68088751	1.497926926412
219.832583593	1.475339295854
223.030122152	1.452985308463
226.27416998	1.430939750123
229.56540357	1.409303483587
232.904509255	1.388199770329
236.29218335	1.367770714729
239.7291323	1.348172680510
243.216072824	1.329570291153
246.753732065	1.312129842151
250.342847745	1.296011688418
253.984168315	1.281364647372
257.678453112	1.268319392253
261.426472519	1.256983571703
265.229008123	1.247436056932
269.086852881	1.239720481220
273.000811284	1.233842528687
276.971699522	1.229768111207
281.00034566	1.227421034934
285.087589805	1.226684654467
289.234284285	1.227405398147
293.441293826	1.229398110934
297.709495729	1.232454771216
302.039780058	1.236353650964
306.433049824	1.240868548634
310.890221169	1.245778258754
315.412223565	1.250874846014
320	1.255969734246
324.65450718	1.260895436685
329.376715726	1.265506755763
334.167610377	1.269676839124
339.028190195	1.273294224618
343.959468775	1.276258969087
348.962474453	1.278477040511
354.038250524	1.279853885327
359.187855459	1.280289338197
364.412363122	1.279673041112
369.712862999	1.277883357414
375.090460422	1.274791631111
380.546276801	1.270266603643
386.081449856	1.264181521546
391.697133857	1.256421873573
397.394499864	1.246895659168
403.174735966	1.235539084672
409.039047539	1.222322866088
414.988657488	1.207257210773
421.024806507	1.190389683851
427.148753334	1.171798600670
433.36177502	1.151588330177
439.665167187	1.129887763122
446.060244304	1.106850021198
452.548339959	1.082648103137
459.13080714	1.057471229733
465.80901851	1.031525981565
472.584366701	1.005040642264
479.458264601	0.978265049622
486.432145648	0.951462841129
493.507464131	0.924897079190
500.68569549	0.898817339835
507.96833663	0.873445971208
515.356906224	0.848963087911
522.852945037	0.825494615139
530.458016246	0.803099678078
538.173705762	0.781764371088
546.001622567	0.761398919959
553.943399044	0.741843561670
562.000691319	0.722881023080
570.17517961	0.704251735149
578.46856857	0.685671165350
586.882587651	0.666846715198
595.418991457	0.647494925551
604.079560116	0.627358660960
612.866099647	0.606219382629
621.780442338	0.583909461810
630.82444713	0.560317814592
640	0.535396897899
649.30901436	0.509163349540
658.753431452	0.481697300333
668.335220754	0.453138863674
678.05638039	0.423684929522
687.918937549	0.393587812933
697.924948906	0.363158278992
708.076501049	0.332766985856
718.375710918	0.302843122493
728.824726244	0.273875387124
739.425725998	0.246404451668
750.180920844	0.221008115270
761.092553602	0.198284311897
772.162899712	0.178823573299
783.394267715	0.163183523524
794.788999727	0.151856710566
806.349471933	0.145237484150
818.078095079	0.143594611611
829.977314977	0.147056182892
842.049613014	0.155609875865
854.297506669	0.169109435926
866.72355004	0.187296845617
879.330334373	0.209835245533
892.120488607	0.236339346126
905.096679919	0.266403209582
918.261614279	0.299625686171
931.618037019	0.335624308762
945.168733401	0.374043793950
958.916529201	0.414557294376
972.864291295	0.456862361876
987.014928261	0.500675502721
1001.37139098	0.545705356731
1015.93667326	0.588915597732
1030.71381245	0.629380207916
1045.70589007	0.668799546725
1060.91603249	0.709055050194
1076.34741152	0.752090298380
1092.00324513	0.799729312781
1107.88679809	0.853477325115
1124.00138264	0.914343914954
1140.35035922	0.982745514159
1156.93713714	1.058477634306
1173.7651753	1.140739158925
1190.83798291	1.228178826343
1208.15912023	1.318964746230
1225.73219929	1.410903852761
1243.56088468	1.501595369056
1261.64889426	1.588627856609
1280	1.672812961873
1298.61802872	1.755665226532
1317.5068629	1.837324660121
1336.67044151	1.918263292914
1356.11276078	1.999313149347
1375.8378751	2.081579306474
1395.84989781	2.166233446127
1416.1530021	2.254274256177
1436.75142184	2.346374353591
1457.64945249	2.442842313006
1478.851452	2.543651890614
1500.36184169	2.648505525038
1522.1851072	2.756898489855
1544.32579942	2.868241798976
1566.78853543	2.982117396801
1589.57799945	3.098588483708
1612.69894387	3.218415962103
1636.15619016	3.343018139208
1659.95462995	3.474157818493
1684.09922603	3.613494602058
1708.59501334	3.762167068003
1733.44710008	3.920531849875
1758.66066875	4.088090171645
1784.24097721	4.263543004310
1810.19335984	4.444941107404
1836.52322856	4.629952056749
1863.23607404	4.816204473145
1890.3374668	5.001592938428
1917.8330584	5.184541978769
1945.72858259	5.364138284063
1974.02985652	5.540077481339
2002.74278196	5.712448750966
2031.87334652	5.881384989509
2061.4276249	6.046744514797
2091.41178015	6.207954685652
2121.83206498	6.364081044877
2152.69482305	6.514084316342
2184.00649027	6.657139667065
2215.77359618	6.792832247687
2248.00276528	6.921191035751
2280.70071844	7.042549284544
2313.87427428	7.157382564195
2347.5303506	7.266190166809
2381.67596583	7.369418573941
2416.31824047	7.467450691875
2451.46439859	7.560649322661
2487.12176935	7.649386687125
2523.29778852	7.734004956234
2560	7.814802577118
2597.23605744	7.891985858454
2635.01372581	7.965529415794
2673.34088301	8.035027680757
2712.22552156	8.099579268729
2751.6757502	8.157843879709
2791.69979562	8.208370943957
2832.3060042	8.249984828782
2873.50284367	8.282082149949
2915.29890498	8.304596834654
2957.70290399	8.317611659207
3000.72368338	8.320847262345
3044.37021441	8.313411047656
3088.65159885	8.294049534765
3133.57707086	8.261871093796
3179.15599891	8.216882139331
3225.39788773	8.160018269132
3272.31238031	8.092619301547
3319.90925991	8.015739589908
3368.19845205	7.929913168719
3417.19002668	7.835458969971
3466.89420016	7.732974860942
3517.32133749	7.623554104839
3568.48195443	7.508522046216
3620.38671968	7.388937560838
3673.04645712	7.265186484233
3726.47214808	7.137076367460
3780.67493361	7.004226291435
3835.6661168	6.866349680202
3891.45716518	6.723068223857
3948.05971304	6.573584943373
4005.48556392	6.416448418233
4063.74669304	6.249644423257
4122.85524979	6.071197652616
4182.8235603	5.879902146134
4243.66412997	5.675840902895
4305.3896461	5.460411078628
4368.01298054	5.235804030829
4431.54719235	5.004263660355
4496.00553056	4.767596603143
4561.40143688	4.527176508149
4627.74854856	4.284547945766
4695.06070121	4.042221948863
4763.35193166	3.804151360723
4832.63648093	3.575438884309
4902.92879718	3.361344000251
4974.24353871	3.165864639495
5046.59557704	2.990788056935
5120	2.835432820201
5194.47211488	2.697170745120
5270.02745161	2.572223795293
5346.68176603	2.456544368747
5424.45104312	2.346594085902
5503.35150039	2.239932405459
5583.39959125	2.135728349106
5664.61200839	2.034729266207
5747.00568734	1.938753939139
5830.59780995	1.850058567458
5915.40580799	1.770946635400
6001.44736675	1.703836444659
6088.74042881	1.651569591668
6177.3031977	1.617606478220
6267.15414172	1.605728029889
6358.31199782	1.618800301103
6450.79577546	1.657429078364
6544.62476063	1.719792763306
6639.81851981	1.802576483382
6736.39690411	1.902434234169
6834.38005335	2.016890958931
6933.78840032	2.144246151364
7034.64267499	2.282788176980
7136.96390886	2.430016461947
7240.77343935	2.582740325943
7346.09291423	2.737296271567
7452.94429615	2.889880569216
7561.34986721	3.036760718396
7671.33223361	3.174118591787
7782.91433036	3.298357486266
7896.11942609	3.406397019985
8010.97112785	3.495867815884
8127.49338608	3.565011852045
8245.71049958	3.611812302571
8365.64712059	3.633355426538
8487.32825993	3.626273512208
8610.7792922	3.587676243405
8736.02596108	3.516395210840
8863.0943847	3.413867905566
8992.01106111	3.283704096530
9122.80287376	3.130309976811
9255.49709713	2.958111987288
9390.12140242	2.771140732753
9526.70386332	2.572667334386
9665.27296186	2.365018219133
9805.85759435	2.149751014402
9948.48707741	1.927281053501
10093.1911541	1.696484160216
10240	1.450922461134
10388.9442298	1.183002104865
10540.0549032	0.890410418811
10693.3635321	0.575059428276
10848.9020862	0.242932981000
11006.7030008	-0.097798910053
11166.7991825	-0.438908115946
11329.2240168	-0.772380754328
11494.0113747	-1.088839431922
11661.1956199	-1.376959726867
11830.811616	-1.624548083992
12002.8947335	-1.821558691362
12177.4808576	-1.971098335904
12354.6063954	-2.080536365263
12534.3082834	-2.152054389320
12716.6239956	-2.189050418917
12901.5915509	-2.196884006837
13089.2495213	-2.183914228698
13279.6370396	-2.156876497096
13472.7938082	-2.121218834434
13668.7601067	-2.084072940359
13867.5768006	-2.055169513266
14069.28535	-2.043969305687
14273.9278177	-2.055887174818
14481.5468787	-2.089962529111
14692.1858285	-2.137356297511
14905.8885923	-2.183951213133
15122.6997344	-2.219144462937
15342.6644672	-2.244087444389
15565.8286607	-2.275686615876
15792.2388522	-2.342454968439
16021.9422557	-2.473998468235
16254.9867722	-2.691656042071
16491.4209992	-3.006059791974
16731.2942412	-3.420535759694
16974.6565199	-3.937198665460
17221.5585844	-4.558460696873
17472.0519222	-5.282882469234
17726.1887694	-6.100927612697
17984.0221222	-6.994757248849
18245.6057475	-7.947711516304
18510.9941943	-8.958314765289
18780.2428048	-10.045794451712
19053.4077266	-11.231218266078
19330.5459237	-12.501107521821
19611.7151887	-13.767423146466
19896.9741548	-14.744125296434
20186.3823082	-15.159212223364
