20	0.000000000000
20.2909066988	0.000000000000
20.5860447329	0.000000000000
20.8854756485	0.000000000000
21.1892618872	0.000000000000
21.4974667984	0.000000000000
21.8101546533	0.000000000000
22.1273906578	0.000000000000
22.4492409662	0.000000000000
22.7757726951	0.000000000000
23.1070539374	0.000000000000
23.4431537764	0.000000000000
23.7841423001	0.000000000000
24.130090616	0.000000000000
24.4810708661	0.000000000000
24.8371562415	0.000000000000
25.1984209979	0.000000000000
25.5649404712	0.000000000000
25.936791093	0.000000000000
26.3140504067	0.000000000000
26.6967970834	0.000000000000
27.0851109387	0.000000000000
27.4790729492	0.000000000000
27.878765269	0.000000000000
28.2842712475	0.000000000000
28.6956754462	0.000000000000
29.1130636568	0.000000000000
29.5365229188	0.000000000000
29.9661415375	0.000000000000
30.402009103	0.000000000000
30.8442165082	0.000000000000
31.2928559682	0.000000000000
31.7480210394	0.000000000000
32.209806639	0.000000000000
32.6783090648	0.000000000000
33.1536260154	0.000000000000
33.6358566101	0.000000000000
34.1251014105	0.000000000000
34.6214624402	0.000000000000
35.1250432075	0.000000000000
35.6359487256	0.000000000000
36.1542855356	0.000000000000
36.6801617282	0.000000000000
37.2136869661	0.000000000000
37.7549725073	0.000000000000
38.3041312279	0.000000000000
38.8612776461	0.000000000000
39.4265279456	0.000000000000
40	0.000000000000
40.5818133975	0.000000000000
41.1720894657	0.000000000000
41.7709512971	0.000000000000
42.3785237744	0.000000000000
42.9949335968	0.000000000000
43.6203093066	0.000000000000
44.2547813156	0.000000000000
44.8984819324	0.000000000000
45.5515453903	0.000000000000
46.2141078749	0.000000000000
46.8863075528	0.000000000000
47.5682846001	0.000000000000
48.260181232	0.000000000000
48.9621417322	0.000000000000
49.6743124829	0.000000000000
50.3968419958	0.000000000000
51.1298809424	0.000000000000
51.873582186	0.000000000000
52.6281008133	0.000000000000
53.3935941668	0.000000000000
54.1702218775	0.000000000000
54.9581458983	0.000000000000
55.757530538	0.000000000000
56.5685424949	0.000000000000
57.3913508924	0.000000000000
58.2261273137	0.000000000000
59.0730458376	0.000000000000
59.9322830751	0.000000000000
60.804018206	0.000000000000
61.6884330163	0.000000000000
62.5857119363	0.000000000000
63.4960420787	0.000000000000
64.419613278	0.000000000000
65.3566181296	0.000000000000
66.3072520307	0.000000000000
67.2717132203	0.000000000000
68.2502028209	0.000000000000
69.2429248805	0.000000000000
70.2500864149	0.000000000000
71.2718974512	0.000000000000
72.3085710713	0.000000000000
73.3603234564	0.000000000000
74.4273739322	0.000000000000
75.5099450145	0.000000000000
76.6082624559	0.000000000000
77.7225552923	0.000000000000
78.8530558912	0.000000000000
80	0.000000000000
81.163626795	0.000000000000
82.3441789315	0.000000000000
83.5419025942	0.000000000000
84.7570475487	0.000000000000
85.9898671937	0.000000000000
87.2406186132	0.000000000000
88.5095626311	0.000000000000
89.7969638648	0.000000000000
91.1030907805	0.000000000000
92.4282157498	0.000000000000
93.7726151055	0.000000000000
95.1365692002	0.000000000000
96.520362464	0.000000000000
97.9242834644	0.000000000000
99.3486249659	0.000000000000
100.793683992	0.000000000000
102.259761885	0.000000000000
103.747164372	0.000000000000
105.256201627	0.000000000000
106.787188334	0.000000000000
108.340443755	0.000000000000
109.916291797	0.000000000000
111.515061076	0.000000000000
113.13708499	0.000000000000
114.782701785	0.000000000000
116.452254627	0.000000000000
118.146091675	0.000000000000
119.86456615	0.000000000000
121.608036412	0.000000000000
123.376866033	0.000000000000
125.171423873	0.000000000000
126.992084157	0.000000000000
128.839226556	0.000000000000
130.713236259	0.000000000000
132.614504061	0.000000000000
134.543426441	0.000000000000
136.500405642	0.000000000000
138.485849761	0.000000000000
140.50017283	0.000000000000
142.543794902	0.000000000000
144.617142143	0.000000000000
146.720646913	0.000000000000
148.854747864	0.000000000000
151.019890029	0.000000000000
153.216524912	0.000000000000
155.445110585	0.000000000000
157.706111782	0.000000000000
160	0.000000000000
162.32725359	0.000000000000
164.688357863	0.000000000000
167.083805188	0.000000000000
169.514095097	0.000000000000
171.979734387	0.000000000000
174.481237226	0.000000000000
177.019125262	0.000000000000
179.59392773	0.000000000000
182.206181561	0.000000000000
184.8564315	0.000000000000
187.545230211	0.000000000000
190.2731384	0.000000000000
193.040724928	0.000000000000
195.848566929	0.000000000000
198.697249932	0.000000000000
201.587367983	0.000000000000
204.51952377	0.000000000000
207.494328744	0.000000000000
210.512403253	0.000000000000
213.574376667	0.000000000000
216.68088751	0.000000000000
219.832583593	0.000000000000
223.030122152	0.000000000000
226.27416998	0.000000000000
229.56540357	0.000000000000
232.904509255	0.000000000000
236.29218335	0.000000000000
239.7291323	0.000000000000
243.216072824	0.000000000000
246.753732065	0.000000000000
250.342847745	0.000000000000
253.984168315	0.000000000000
257.678453112	0.000000000000
261.426472519	0.000000000000
265.229008123	0.000000000000
269.086852881	0.000000000000
273.000811284	0.000000000000
276.971699522	0.000000000000
281.00034566	0.000000000000
285.087589805	0.000000000000
289.234284285	0.000000000000
293.441293826	0.000000000000
297.709495729	0.000000000000
302.039780058	0.000000000000
306.433049824	0.000000000000
310.890221169	0.000000000000
315.412223565	0.000000000000
320	0.000000000000
324.65450718	0.000000000000
329.376715726	0.000000000000
334.167610377	0.000000000000
339.028190195	0.000000000000
343.959468775	0.000000000000
348.962474453	0.000000000000
354.038250524	0.000000000000
359.187855459	0.000000000000
364.412363122	0.000000000000
369.712862999	0.000000000000
375.090460422	0.000000000000
380.546276801	0.000000000000
386.081449856	0.000000000000
391.697133857	0.000000000000
397.394499864	0.000000000000
403.174735966	0.000000000000
409.039047539	0.000000000000
414.988657488	0.000000000000
421.024806507	0.000000000000
427.148753334	0.000000000000
433.36177502	0.000000000000
439.665167187	0.000000000000
446.060244304	0.000000000000
452.548339959	0.000000000000
459.13080714	0.000000000000
465.80901851	0.000000000000
472.584366701	0.000000000000
479.458264601	0.000000000000
486.432145648	0.000000000000
493.507464131	0.000000000000
500.68569549	0.000000000000
507.96833663	0.000000000000
515.356906224	0.000000000000
522.852945037	0.000000000000
530.458016246	0.000000000000
538.173705762	0.000000000000
546.001622567	0.000000000000
553.943399044	0.000000000000
562.000691319	0.000000000000
570.17517961	0.000000000000
578.46856857	0.000000000000
586.882587651	0.000000000000
595.418991457	0.000000000000
604.079560116	0.000000000000
612.866099647	0.000000000000
621.780442338	0.000000000000
630.82444713	0.000000000000
640	0.000000000000
649.30901436	0.000000000000
658.753431452	0.000000000000
668.335220754	0.000000000000
678.05638039	0.000000000000
687.918937549	0.000000000000
697.924948906	0.000000000000
708.076501049	0.000000000000
718.375710918	0.000000000000
728.824726244	0.000000000000
739.425725998	0.000000000000
750.180920844	0.000000000000
761.092553602	0.000000000000
772.162899712	0.000000000000
783.394267715	0.000000000000
794.788999727	0.000000000000
806.349471933	0.000000000000
818.078095079	0.000000000000
829.977314977	0.000000000000
842.049613014	0.000000000000
854.297506669	0.000000000000
866.72355004	0.000000000000
879.330334373	0.000000000000
892.120488607	0.000000000000
905.096679919	0.000000000000
918.261614279	0.000000000000
931.618037019	0.000000000000
945.168733401	0.000000000000
958.916529201	0.000000000000
972.864291295	0.000000000000
987.014928261	0.000000000000
1001.37139098	-0.000026260523
1015.93667326	-0.002945189518
1030.71381245	-0.008639925581
1045.70589007	-0.014006369321
1060.91603249	-0.015910060627
1076.34741152	-0.011420528722
1092.00324513	0.001960170726
1107.88679809	0.026090555444
1124.00138264	0.062021153844
1140.35035922	0.109877212557
1156.93713714	0.168804001511
1173.7651753	0.236980816641
1190.83798291	0.311705749614
1208.15912023	0.389548299527
1225.73219929	0.466561184647
1243.56088468	0.538538248426
1261.64889426	0.601355102205
1280	0.658583798037
1298.61802872	0.714184841056
1317.5068629	0.767846352855
1336.67044151	0.819260987332
1356.11276078	0.868129317562
1375.8378751	0.914162837990
1395.84989781	0.957086130209
1416.1530021	0.996640207367
1436.75142184	1.032584297350
1457.64945249	1.064698064941
1478.851452	1.092784739681
1500.36184169	1.116672489897
1522.1851072	1.136215945051
1544.32579942	1.151297851350
1566.78853543	1.161830109971
1589.57799945	1.167754037478
1612.69894387	1.169040869964
1636.15619016	1.165691687106
1659.95462995	1.157738081805
1684.09922603	1.145242071039
1708.59501334	1.128292848966
1733.44710008	1.107006623004
1758.66066875	1.081525055239
1784.24097721	1.052013053169
1810.19335984	1.018656425220
1836.52322856	0.981660273743
1863.23607404	0.941246087352
1890.3374668	0.897647020855
1917.8330584	0.851108641620
1945.72858259	0.801883149300
1974.02985652	0.750226978065
2002.74278196	0.696397743060
2031.87334652	0.640650998898
2061.4276249	0.583236117029
2091.41178015	0.524398886258
2121.83206498	0.464375417925
2152.69482305	0.403386701629
2184.00649027	0.341641680980
2215.77359618	0.279333042625
2248.00276528	0.216636977032
2280.70071844	0.153711928872
2313.87427428	0.090698046136
2347.5303506	0.027717197065
2381.67596583	-0.035127499174
2416.31824047	-0.097750486727
2451.46439859	-0.160081552899
2487.12176935	-0.222071493045
2523.29778852	-0.283683579301
2560	-0.344894117866
2597.23605744	-0.405685277386
2635.01372581	-0.466051462919
2673.34088301	-0.525994538465
2712.22552156	-0.585521483244
2751.6757502	-0.644641233626
2791.69979562	-0.703363548069
2832.3060042	-0.761696324549
2873.50284367	-0.819645030454
2915.29890498	-0.877212700367
2957.70290399	-0.934394379335
3000.72368338	-0.991180404688
3044.37021441	-1.047550365638
3088.65159885	-1.103480473333
3133.57707086	-1.158938244443
3179.15599891	-1.213886671034
3225.39788773	-1.268279665299
3272.31238031	-1.322068365550
3319.90925991	-1.375196614942
3368.19845205	-1.427604874515
3417.19002668	-1.479231346380
3466.89420016	-1.530011919471
3517.32133749	-1.579885002661
3568.48195443	-1.628788372722
3620.38671968	-1.676660098963
3673.04645712	-1.723441123020
3726.47214808	-1.769075659443
3780.67493361	-1.813508977361
3835.6661168	-1.856688359514
3891.45716518	-1.898562717739
3948.05971304	-1.939083844402
4005.48556392	-1.978201093036
4063.74669304	-2.015859024029
4122.85524979	-2.051999911998
4182.8235603	-2.086557942541
4243.66412997	-2.119455745626
4305.3896461	-2.150603892950
4368.01298054	-2.179900357592
4431.54719235	-2.207226426158
4496.00553056	-2.232445703495
4561.40143688	-2.255400719533
4627.74854856	-2.275911801560
4695.06070121	-2.293780109838
4763.35193166	-2.308791414396
4832.63648093	-2.320707437494
4902.92879718	-2.329272691025
4974.24353871	-2.334217410505
5046.59557704	-2.335261342657
5120	-2.332118399624
5194.47211488	-2.324501985230
5270.02745161	-2.312130929018
5346.68176603	-2.294736101028
5424.45104312	-2.272067327656
5503.35150039	-2.243900501446
5583.39959125	-2.210044689127
5664.61200839	-2.170349031159
5747.00568734	-2.124709217477
5830.59780995	-2.073073325241
5915.40580799	-2.015446807773
6001.44736675	-1.951896800090
6088.74042881	-1.882554204726
6177.3031977	-1.807615341963
6267.15414172	-1.727341080886
6358.31199782	-1.642056491793
6450.79577546	-1.552146573885
6544.62476063	-1.458051421972
6639.81851981	-1.360261042909
6736.39690411	-1.259306392321
6834.38005335	-1.155750985619
6933.78840032	-1.050181181024
7034.64267499	-0.943195303260
7136.96390886	-0.835391165914
7240.77343935	-0.727355956423
7346.09291423	-0.619654434060
7452.94429615	-0.512818339886
7561.34986721	-0.407335917890
7671.33223361	-0.303642551863
7782.91433036	-0.202112929649
7896.11942609	-0.103054455246
8010.97112785	-0.006702185980
8127.49338608	0.086783418625
8245.71049958	0.177319398448
8365.64712059	0.264898694617
8487.32825993	0.349587349548
8610.7792922	0.431520660106
8736.02596108	0.510896577524
8863.0943847	0.587968132079
8992.01106111	0.663035234721
9122.80287376	0.736434204911
9255.49709713	0.808527978142
9390.12140242	0.879695082971
9526.70386332	0.950317624239
9665.27296186	1.020771063022
9805.85759435	1.091413887780
9948.48707741	1.162577662588
10093.1911541	1.234552535683
10240	1.284585836354
10388.9442298	1.287847341942
10540.0549032	1.241956191088
10693.3635321	1.148309944920
10848.9020862	1.012321966268
11006.7030008	0.843367358505
11166.7991825	0.654402494004
11329.2240168	0.461254362230
11494.0113747	0.281598329706
11661.1956199	0.133675760318
11830.811616	0.034835407498
12002.8947335	0.000000000000
12177.4808576	0.000000000000
12354.6063954	0.000000000000
12534.3082834	0.000000000000
12716.6239956	0.000000000000
12901.5915509	0.000000000000
13089.2495213	0.000000000000
13279.6370396	0.000000000000
13472.7938082	0.000000000000
13668.7601067	0.000000000000
13867.5768006	0.000000000000
14069.28535	0.000000000000
14273.9278177	0.000000000000
14481.5468787	0.000000000000
14692.1858285	0.000000000000
14905.8885923	0.000000000000
15122.6997344	0.000000000000
15342.6644672	0.000000000000
15565.8286607	0.000000000000
15792.2388522	0.000000000000
16021.9422557	0.000000000000
16254.9867722	0.000000000000
16491.4209992	0.000000000000
16731.2942412	0.000000000000
16974.6565199	0.000000000000
17221.5585844	0.000000000000
17472.0519222	0.000000000000
17726.1887694	0.000000000000
17984.0221222	0.000000000000
18245.6057475	0.000000000000
18510.9941943	0.000000000000
18780.2428048	0.000000000000
19053.4077266	0.000000000000
19330.5459237	0.000000000000
19611.7151887	0.000000000000
19896.9741548	0.000000000000
20186.3823082	0.000000000000
