20	103.622246000000
20.2909066988	103.617547841155
20.5860447329	103.614957224101
20.8854756485	103.612804461797
21.1892618872	103.610876727779
21.4974667984	103.609183785364
21.8101546533	103.607547796106
22.1273906578	103.605959836000
22.4492409662	103.604240792356
22.7757726951	103.602282301815
23.1070539374	103.600129163619
23.4431537764	103.597852189697
23.7841423001	103.595569931848
24.130090616	103.593434357396
24.4810708661	103.591689551160
24.8371562415	103.590352279014
25.1984209979	103.589723444787
25.5649404712	103.589721259676
25.936791093	103.590414286788
26.3140504067	103.591819389432
26.6967970834	103.594023293144
27.0851109387	103.596735199963
27.4790729492	103.599961163866
27.878765269	103.603487009029
28.2842712475	103.607169690862
28.6956754462	103.610890860647
29.1130636568	103.614586633921
29.5365229188	103.618194772838
29.9661415375	103.621603366959
30.402009103	103.624799387278
30.8442165082	103.627645968736
31.2928559682	103.630184529553
31.7480210394	103.632300783355
32.209806639	103.633916834831
32.6783090648	103.634870827430
33.1536260154	103.634973051448
33.6358566101	103.634045893894
34.1251014105	103.632021908980
34.6214624402	103.628875017473
35.1250432075	103.624686588665
35.6359487256	103.619666970893
36.1542855356	103.614018356330
36.6801617282	103.607926002551
37.2136869661	103.601551379328
37.7549725073	103.594942458280
38.3041312279	103.588091640953
38.8612776461	103.580721241748
39.4265279456	103.572948333851
40	103.564468000000
40.5818133975	103.555058106618
41.1720894657	103.544798216496
41.7709512971	103.533682773205
42.3785237744	103.521729375433
42.9949335968	103.509218998235
43.6203093066	103.496228766586
44.2547813156	103.482994506608
44.8984819324	103.469741142507
45.5515453903	103.456671899927
46.2141078749	103.443931620729
46.8863075528	103.431637012495
47.5682846001	103.419657675231
48.260181232	103.407957424369
48.9621417322	103.396461684251
49.6743124829	103.385046193395
50.3968419958	103.373706201871
51.1298809424	103.362386709935
51.873582186	103.351140347912
52.6281008133	103.339919860721
53.3935941668	103.328627254596
54.1702218775	103.317155015903
54.9581458983	103.305312282158
55.757530538	103.292923227127
56.5685424949	103.279952449962
57.3913508924	103.266496054098
58.2261273137	103.252640050519
59.0730458376	103.238598148269
59.9322830751	103.224825434590
60.804018206	103.211505835489
61.6884330163	103.199078770913
62.5857119363	103.187318875682
63.4960420787	103.176114439644
64.419613278	103.165233760839
65.3566181296	103.154438604745
66.3072520307	103.143438162688
67.2717132203	103.131956624597
68.2502028209	103.119687100956
69.2429248805	103.106537506926
70.2500864149	103.092461250613
71.2718974512	103.077538634949
72.3085710713	103.061863708355
73.3603234564	103.045555391384
74.4273739322	103.028621964040
75.5099450145	103.011039007420
76.6082624559	102.992856660303
77.7225552923	102.974084590430
78.8530558912	102.954657742588
80	102.934525000000
81.163626795	102.913698937371
82.3441789315	102.892238019109
83.5419025942	102.870253073050
84.7570475487	102.847790073420
85.9898671937	102.824971987113
87.2406186132	102.802046872711
88.5095626311	102.779231796874
89.7969638648	102.757125401157
91.1030907805	102.735755096011
92.4282157498	102.715681399625
93.7726151055	102.696995857977
95.1365692002	102.679948075404
96.520362464	102.664444481822
97.9242834644	102.650224559215
99.3486249659	102.637097087097
100.793683992	102.624810000408
102.259761885	102.612843851748
103.747164372	102.600784748498
105.256201627	102.588191996585
106.787188334	102.574815821479
108.340443755	102.560464919711
109.916291797	102.545199377937
111.515061076	102.529196770668
113.13708499	102.512635215408
114.782701785	102.495816352747
116.452254627	102.478923286862
118.146091675	102.461976345267
119.86456615	102.445124046269
121.608036412	102.428199563776
123.376866033	102.411387344508
125.171423873	102.394560128827
126.992084157	102.377995043784
128.839226556	102.361959799691
130.713236259	102.346162968755
132.614504061	102.330777156515
134.543426441	102.316207971062
136.500405642	102.302332756644
138.485849761	102.289099537971
140.50017283	102.276490972354
142.543794902	102.264339595510
144.617142143	102.252577472570
146.720646913	102.241308688775
148.854747864	102.230237607136
151.019890029	102.219243769066
153.216524912	102.208185275125
155.445110585	102.196884285658
157.706111782	102.185143169065
160	102.172836000000
162.32725359	102.159789416374
164.688357863	102.146185421699
167.083805188	102.132164065809
169.514095097	102.117890594121
171.979734387	102.103508402610
174.481237226	102.089039336255
177.019125262	102.074435645042
179.59392773	102.059471777048
182.206181561	102.043829199365
184.8564315	102.027131592591
187.545230211	102.008857735583
190.2731384	101.988471430028
193.040724928	101.965943597261
195.848566929	101.941259200054
198.697249932	101.914692853952
201.587367983	101.886670740434
204.51952377	101.857901848169
207.494328744	101.829083715315
210.512403253	101.800912510496
213.574376667	101.773932354217
216.68088751	101.749781816777
219.832583593	101.726947627735
223.030122152	101.707931277812
226.27416998	101.690511089058
229.56540357	101.675227263398
232.904509255	101.661526132744
236.29218335	101.648977678220
239.7291323	101.636928594438
243.216072824	101.624985917600
246.753732065	101.613016247557
250.342847745	101.600709175443
253.984168315	101.588082896368
257.678453112	101.574971330679
261.426472519	101.561438162137
265.229008123	101.547583998205
269.086852881	101.533434610621
273.000811284	101.519190833233
276.971699522	101.505003164875
281.00034566	101.491032439136
285.087589805	101.477325756321
289.234284285	101.464342455903
293.441293826	101.452062292392
297.709495729	101.440491456384
302.039780058	101.429603627311
306.433049824	101.419428015864
310.890221169	101.409849295470
315.412223565	101.400597699296
320	101.391357000000
324.65450718	101.381869252564
329.376715726	101.371955514770
334.167610377	101.361505263966
339.028190195	101.350411134361
343.959468775	101.338593085565
348.962474453	101.326049939634
354.038250524	101.312851244827
359.187855459	101.298990612275
364.412363122	101.284551104699
369.712862999	101.269494995888
375.090460422	101.253729341248
380.546276801	101.237103909937
386.081449856	101.219943957899
391.697133857	101.201916064766
397.394499864	101.183435000146
403.174735966	101.164439259735
409.039047539	101.145139443595
414.988657488	101.125799047463
421.024806507	101.106664221197
427.148753334	101.087905467000
433.36177502	101.069901987853
439.665167187	101.052798666122
446.060244304	101.036544750984
452.548339959	101.021325996127
459.13080714	101.007192563655
465.80901851	100.993787554490
472.584366701	100.981125785295
479.458264601	100.968901221424
486.432145648	100.956900850958
493.507464131	100.945038575408
500.68569549	100.933168516400
507.96833663	100.921278694410
515.356906224	100.909392762515
522.852945037	100.897542045451
530.458016246	100.885690422152
538.173705762	100.873769011615
546.001622567	100.861580442834
553.943399044	100.848989382244
562.000691319	100.835895454345
570.17517961	100.822333609386
578.46856857	100.807875744411
586.882587651	100.792813900934
595.418991457	100.777204044559
604.079560116	100.761073228081
612.866099647	100.744411262502
621.780442338	100.727260558095
630.82444713	100.709629054498
640	100.691589000000
649.30901436	100.672988658407
658.753431452	100.653849913614
668.335220754	100.634087931092
678.05638039	100.613626090788
687.918937549	100.592404008381
697.924948906	100.570317368399
708.076501049	100.547312922961
718.375710918	100.523363664153
728.824726244	100.498448782680
739.425725998	100.472580674208
750.180920844	100.445769848115
761.092553602	100.418137956762
772.162899712	100.389811250314
783.394267715	100.361090543146
794.788999727	100.332162066190
806.349471933	100.303264828900
818.078095079	100.274675428808
829.977314977	100.246577014441
842.049613014	100.219190511323
854.297506669	100.192918475042
866.72355004	100.168201365725
879.330334373	100.145441314606
892.120488607	100.126296463164
905.096679919	100.110603510519
918.261614279	100.100756251536
931.618037019	100.097603648843
945.168733401	100.102389821271
958.916529201	100.116698659852
972.864291295	100.141969253840
987.014928261	100.179023586542
1001.37139098	100.229766741260
1015.93667326	100.283904804250
1030.71381245	100.343911195787
1045.70589007	100.409948903159
1060.91603249	100.482180913652
1076.34741152	100.560770214555
1092.00324513	100.645879793155
1107.88679809	100.737672636740
1124.00138264	100.836311732597
1140.35035922	100.941960068014
1156.93713714	101.054780630278
1173.7651753	101.174936406676
1190.83798291	101.302590384497
1208.15912023	101.437905551028
1225.73219929	101.581044893557
1243.56088468	101.732171399370
1261.64889426	101.891448055755
1280	102.059037850001
1298.61802872	102.229550939215
1317.5068629	102.401086343604
1336.67044151	102.568116211718
1356.11276078	102.732019367215
1375.8378751	102.892036744897
1395.84989781	103.047541423061
1416.1530021	103.197354321868
1436.75142184	103.344542354825
1457.64945249	103.486080890928
1478.851452	103.623628333585
1500.36184169	103.756991539601
1522.1851072	103.885165087889
1544.32579942	104.009837760067
1566.78853543	104.131530043042
1589.57799945	104.250670759930
1612.69894387	104.367703331839
1636.15619016	104.483075161092
1659.95462995	104.597114074073
1684.09922603	104.710025851707
1708.59501334	104.822009121001
1733.44710008	104.933215981360
1758.66066875	105.043780663614
1784.24097721	105.153798348164
1810.19335984	105.263350220171
1836.52322856	105.372466492497
1863.23607404	105.481092006550
1890.3374668	105.589116801639
1917.8330584	105.696423331922
1945.72858259	105.802931234410
1974.02985652	105.908643811930
2002.74278196	106.013231424012
2031.87334652	106.117325507069
2061.4276249	106.220862665318
2091.41178015	106.323934073339
2121.83206498	106.426551962233
2152.69482305	106.527914053615
2184.00649027	106.629648262762
2215.77359618	106.728903905683
2248.00276528	106.827868955825
2280.70071844	106.924687651162
2313.87427428	107.019585940448
2347.5303506	107.112425041788
2381.67596583	107.202658518199
2416.31824047	107.291160041687
2451.46439859	107.376173082315
2487.12176935	107.458719046458
2523.29778852	107.536788342647
2560	107.610914194642
2597.23605744	107.680262441175
2635.01372581	107.744344112661
2673.34088301	107.800962583766
2712.22552156	107.851121192676
2751.6757502	107.891467330970
2791.69979562	107.921748249431
2832.3060042	107.938738465544
2873.50284367	107.942965883114
2915.29890498	107.932478815480
2957.70290399	107.905596481415
3000.72368338	107.860951450523
3044.37021441	107.794805514648
3088.65159885	107.707806363464
3133.57707086	107.602949105737
3179.15599891	107.478683610066
3225.39788773	107.337975388008
3272.31238031	107.181662838287
3319.90925991	107.011553325217
3368.19845205	106.829892544820
3417.19002668	106.639226067800
3466.89420016	106.442302906836
3517.32133749	106.241879099700
3568.48195443	106.040611963598
3620.38671968	105.840939491038
3673.04645712	105.644920392790
3726.47214808	105.454569597465
3780.67493361	105.271833070897
3835.6661168	105.094702060581
3891.45716518	104.928053637525
3948.05971304	104.766390760649
4005.48556392	104.615741748136
4063.74669304	104.472475431329
4122.85524979	104.336441817450
4182.8235603	104.206741392102
4243.66412997	104.082267553511
4305.3896461	103.961047914926
4368.01298054	103.841997977393
4431.54719235	103.723153116828
4496.00553056	103.603361302881
4561.40143688	103.480122175136
4627.74854856	103.353633130299
4695.06070121	103.221270642918
4763.35193166	103.083720052389
4832.63648093	102.940428749099
4902.92879718	102.789692510154
4974.24353871	102.634139854662
5046.59557704	102.472374052638
5120	102.306901686280
5194.47211488	102.137748836505
5270.02745161	101.966707082331
5346.68176603	101.796432965051
5424.45104312	101.629372068065
5503.35150039	101.468697196232
5583.39959125	101.318407244853
5664.61200839	101.183040316906
5747.00568734	101.064077219505
5830.59780995	100.964237177460
5915.40580799	100.885692549706
6001.44736675	100.829830223732
6088.74042881	100.799198143696
6177.3031977	100.791443712500
6267.15414172	100.804806898885
6358.31199782	100.838366901193
6450.79577546	100.889496290652
6544.62476063	100.957850641371
6639.81851981	101.042704649387
6736.39690411	101.143836856626
6834.38005335	101.261131970592
6933.78840032	101.396502040243
7034.64267499	101.556633336642
7136.96390886	101.738209388599
7240.77343935	101.921029275450
7346.09291423	102.095772660534
7452.94429615	102.261072176137
7561.34986721	102.414365409139
7671.33223361	102.554037601653
7782.91433036	102.678571802884
7896.11942609	102.786317922804
8010.97112785	102.875403466625
8127.49338608	102.945526249142
8245.71049958	102.996780504992
8365.64712059	103.029196424686
8487.32825993	103.044544347319
8610.7792922	103.043479287018
8736.02596108	103.027213494677
8863.0943847	102.997454158462
8992.01106111	102.955547662828
9122.80287376	102.902873156000
9255.49709713	102.840635583616
9390.12140242	102.770222949705
9526.70386332	102.692811330297
9665.27296186	102.609567116690
9805.85759435	102.521480249745
9948.48707741	102.429525086762
10093.1911541	102.334647164629
10240	102.181025657298
10388.9442298	101.920629827516
10540.0549032	101.565783447579
10693.3635321	101.134828894174
10848.9020862	100.651135166548
11006.7030008	100.141248719417
11166.7991825	99.633110073959
11329.2240168	99.154596761126
11494.0113747	98.730982586763
11661.1956199	98.384806502588
11830.811616	98.132446620923
12002.8947335	97.985307416808
12177.4808576	97.890564224542
12354.6063954	97.796144673230
12534.3082834	97.701490964032
12716.6239956	97.606971515207
12901.5915509	97.512795678695
13089.2495213	97.418093815883
13279.6370396	97.323390481762
13472.7938082	97.228823631727
13668.7601067	97.134255951611
13867.5768006	97.039720098233
14069.28535	96.945316292322
14273.9278177	96.850659601007
14481.5468787	96.756096928709
14692.1858285	96.661735516521
14905.8885923	96.567366446335
15122.6997344	96.473024309883
15342.6644672	96.378739543796
15565.8286607	96.284568992975
15792.2388522	96.190589784695
16021.9422557	96.096875528064
16254.9867722	96.003545886109
16491.4209992	95.910849483069
16731.2942412	95.818936387526
16974.6565199	95.728084155967
17221.5585844	95.638689596766
17472.0519222	95.551275391959
17726.1887694	95.466525518617
17984.0221222	95.385250703798
18245.6057475	95.308503490843
18510.9941943	95.237838282349
18780.2428048	95.174726991017
19053.4077266	95.120657265976
19330.5459237	95.077275586581
19611.7151887	95.046000662835
19896.9741548	95.028336964717
20186.3823082	95.024300000000
