20	70.88005011855493
20.290906698750476	70.8694812033551
20.586044732869844	70.85888226405368
20.885475648548283	70.84820960993889
21.189261887185914	70.83741024123819
21.49746679841394	70.82643077050797
21.810154653305165	70.81522501323488
22.12739065777668	70.80375527336375
22.449240966187475	70.79198955710837
22.77577269513385	70.77989815087295
23.107053937445478	70.76745057226377
23.44315377638505	70.75461398165491
23.784142300054445	70.74135244722406
24.130090616010463	70.72762647431686
24.481070866093134	70.71339273496508
24.837156241469714	70.69860407778728
25.1984209978975	70.68320991197494
25.56494047120865	70.66715691758121
25.936791093020236	70.6503900971523
26.3140504066728	70.63285403045292
26.69679708340074	70.61449380222527
27.08511093873791	70.59525610962329
27.47907294916184	70.57509079074033
27.878765268980047	70.5539523885791
28.284271247461966	70.53180109291085
28.695675446220072	70.50860395331765
29.11306365684382	70.48433602006595
29.536522918790062	70.45897992494756
29.966141537533712	70.43252519981304
30.402009102982383	70.40496660436887
30.844216508158908	70.37630181632203
31.29285596815558	70.34652978599478
31.74802103936409	70.31564981867213
32.20980663898519	70.28366046928096
32.67830906482211	70.25055816408113
33.153626015361866	70.21633654193302
33.63585661014871	70.18098627972289
34.125101410453844	70.14449401023872
34.62146244024586	70.10684110120198
35.12504320746613	70.06800338232894
35.635948725613716	70.02795184310293
36.15428553564419	69.98665374448125
36.68016172818701	69.94407224813142
37.21368696608603	69.90016582678564
37.754972507267915	69.85488864464286
38.30413122794313	69.80819221390387
38.86127764614443	69.76002822290167
39.4265279456077	69.71035151855108
40.000000000000206	69.65912033432377
40.58181339750116	69.6062968501819
41.1720894657399	69.55184913835085
41.77095129709678	69.49575454318293
42.37852377437204	69.43800456607316
42.9949335968281	69.37861013305425
43.62030930661056	69.31760140663404
44.25478131555359	69.255021272111
44.89848193237519	69.19092512157253
45.55154539026795	69.12538229770706
46.21410787489121	69.05847325912563
46.88630755277036	68.99029128771417
47.56828460010916	68.92093837061309
48.260181232021196	68.85051998919585
48.962141732186545	68.77914095084003
49.674312482939705	68.70690218632511
50.39684199579528	68.63389847191982
51.129880942417586	68.56021699772913
51.873582186040764	68.4859366500189
52.628100813345895	68.41112791862837
53.393594166801776	68.3358508726276
54.17022187747612	68.26014617286009
54.95814589832399	68.18403401784411
55.75753053796041	68.10751599844588
56.56854249492426	68.03057738637877
57.39135089244048	67.95318991514135
58.226127313687975	67.8753150061407
59.073045837580466	67.79690745516321
59.932283075067765	67.71791963633437
60.804018205965114	67.63830632749696
61.68843301631817	67.55802842602637
62.58571193631152	67.47705107030558
63.49604207872855	67.39534528337734
64.41961327797075	67.31289342735023
65.35661812964459	67.22969082939797
66.3072520307241	67.14574583079632
67.27171322029778	67.06107590415634
68.25020282090806	66.97570748255082
69.2429248804921	66.88967818319628
70.25008641493265	66.80302989886903
71.27189745122783	66.71580915972699
72.30857107128878	66.62806208344959
73.36032345637442	66.5398365508127
74.42737393217246	66.4511831499086
75.50994501453623	66.3621571611195
76.60826245588666	66.27281652565748
77.72255529228926	66.1832247155875
78.85305589121582	66.09344883495926
80.00000000000082	66.0035635891626
81.16362679500274	65.91364664747874
82.34417893148023	65.82377879492013
83.541902594194	65.73404365012605
84.75704754874454	65.64452303594089
85.98986719365665	65.55530154065313
87.24061861322157	65.46646100700849
88.50956263110764	65.37807176187896
89.79696386475084	65.29019148847256
91.10309078053635	65.20286456407959
92.42821574978288	65.11612067027687
93.77261510554118	65.02997342279112
95.13656920021877	64.94441676668109
96.52036246404286	64.85942577787726
97.92428346437356	64.7749621972344
99.34862496587989	64.69097540824704
100.79368399159105	64.6074096976672
102.25976188483567	64.52420222803617
103.74716437208203	64.4412837328523
105.25620162669229	64.3585822397142
106.78718833360406	64.27602921049173
108.34044375495276	64.19355496288856
109.9162917966485	64.11108334478669
111.51506107592134	64.02853780084135
113.13708498984903	63.945843772970896
114.78270178488147	63.86293177845706
116.45225462737648	63.77974336308197
118.14609167516147	63.69622665579238
119.86456615013608	63.612331456913665
121.60803641193078	63.52801728322139
123.3768660326369	63.44325782207344
125.17142387262359	63.35804357637395
126.99208415745765	63.27237807527301
128.83922655594208	63.18627451508406
130.71323625928977	63.099748236490555
132.61450406144883	63.012818755121444
134.5434264405962	62.92551664808405
136.50040564181674	62.83788282888805
138.48584976098482	62.74997105841349
140.50017282986593	62.6618549697746
142.5437949024563	62.573621099845035
144.61714214257822	62.485373194501015
146.7206469127495	62.39722527931764
148.8547478643456	62.30930705555643
151.01989002907314	62.22176492332
153.216524911774	62.13476008998642
155.4451105845792	62.04845197556584
157.70611178243232	61.96298259229786
160.00000000000236	61.878477399273805
162.3272535900062	61.7950322937862
164.6883578629612	61.712714741061916
167.08380518838874	61.63155814755702
169.51409509748981	61.551552649122634
171.97973438731407	61.47265193921009
174.4812372264439	61.39478278052388
177.01912526221608	61.317852452104226
179.5939277295025	61.241758716864105
182.20618156107355	61.166412099692586
184.85643149956664	61.0917460776404
187.54523021108326	61.017727245483094
190.27313840043846	60.94437205644447
193.04072492808663	60.8717490236812
195.84856692874806	60.79997531687434
198.69724993176072	60.72921631011235
201.58736798318304	60.65969815716711
204.5195237696723	60.59170587941125
207.49432874416505	60.52557159216979
210.5124032533856	60.46165810787529
213.57437666720915	60.40033768227901
216.68088750990657	60.341970134047145
219.83258359329807	60.286895629498154
223.03012215184378	60.235427430880485
226.2741699796992	60.18784018589062
229.5654035697641	60.144364371260124
232.90450925475412	60.10518484606252
236.2921833503241	60.070436134113464
239.72913230027333	60.040192509411995
243.21607282386276	60.0144662969145
246.75373206527502	59.993209448027805
250.34284774524843	59.97631948831851
253.9841683149166	59.96365161082914
257.67845311188546	59.95502262439955
261.42647251858085	59.95020279392389
265.22900812289896	59.948900632275446
269.08685288119375	59.9507622578519
273.0008112836349	59.95538981892752
276.97169952197106	59.962357490293186
281.00034565973334	59.971220000059944
285.0875898049141	59.98151495141439
289.23428428515797	59.9927644494235
293.44129382550057	60.00448669306768
297.7094957286928	60.01620877183282
302.0397800581479	60.02747830647554
306.4330498235497	60.03787397265952
310.89022116916016	60.04701767200813
315.41222356486645	60.05458423875081
320.00000000000654	60.06029107267758
324.6545071800142	60.06388381519197
329.3767157259242	60.065126966438655
334.16761037677935	60.063801230860555
339.02819019498156	60.05970869783278
343.95946877463007	60.052686960602905
348.9624744528898	60.04262611164284
354.03825052443415	60.029464304408236
359.187855459007	60.013171982463845
364.4123631221491	59.9937423375523
369.71286299913527	59.97119193611293
375.0904604221685	59.945571963436116
380.54627680087896	59.91699044911662
386.08144985617537	59.885635760947814
391.6971338574982	59.85176940803123
397.3944998635236	59.81570991300089
403.1747359663683	59.777818412688156
409.0390475393468	59.738486049254305
414.9886574883323	59.698120372745855
421.0248065067734	59.65713005041518
427.1487533344206	59.61591089031899
433.3617750198154	59.574832054359796
439.6651671865984	59.53422120075235
446.06024430368984	59.494350385017405
452.54833995940066	59.455435957661926
459.13080713953053	59.41763966299542
465.8090185095106	59.38107346477612
472.58436670065066	59.345802737247205
479.45826460054917	59.311846301891855
486.432145647728	59.279189906215954
493.50746413055253	59.24779508103351
500.6856954904994	59.21759913053533
507.9683366298358	59.18851963427724
515.3569062237735	59.160476143243024
522.8529450371643	59.13340811830304
530.4580162458005	59.107282628494275
538.1737057623901	59.08209144045299
546.0016225672724	59.05783696614658
553.9433990439449	59.034506372838756
562.0006913194694	59.0120364878979
570.1751796098309	58.99029130964707
578.4685685703187	58.96907907988415
586.8825876510039	58.94817185326455
595.4189914573883	58.927316642121305
604.0795601162986	58.90623906146911
612.8660996471021	58.884640672945835
621.780442338323	58.862191505566194
630.8244471297356	58.838519549403074
640.0000000000159	58.813201217098516
649.3090143600314	58.785762418494144
658.7534314518515	58.75569314067688
668.3352207535618	58.722473768055714
678.0563803899662	58.68561644449754
687.9189375492632	58.64472665365397
697.9249489057827	58.599565021160174
708.0765010488715	58.55002928837174
718.3757109180171	58.496108045140964
728.8247262443015	58.43785510924654
739.425725998274	58.37539181816406
750.1809208443404	58.30892129997503
761.0925536017613	58.23873502294551
772.1628997123541	58.16523558647783
783.3942677149998	58.08895554982166
794.7889997270506	58.01057051697316
806.34947193274	57.93091864413265
818.0780950786972	57.8510151516729
829.9773149766683	57.772012478358825
842.0496130135506	57.695166620937
854.2975066688449	57.6218464610515
866.7235500396347	57.553559274513134
879.3303343732008	57.49193123870211
892.1204886073838	57.43866771009113
905.0966799188055	57.39551984094589
918.2616142790653	57.3642319429236
931.6180370190256	57.3464697737469
945.1687334013056	57.343837022821816
958.9165292011028	57.357889650903886
972.8642912954606	57.39005159580469
987.0149282611097	57.441476748731745
1001.3713909810035	57.51305556587263
1015.9366732596762	57.60533585029502
1030.7138124475518	57.718334668469566
1045.7058900743334	57.85147854474904
1060.916032491606	58.00363491687959
1076.3474115247852	58.173120104141425
1092.0032451345498	58.35779947521639
1107.8867980878947	58.55520777735747
1124.0013826389438	58.762663836734056
1140.350359219667	58.977354891241156
1156.9371371406426	59.196523333469344
1173.765175302013	59.417613909838984
1190.837982914782	59.6382966266952
1208.1591202326028	59.85658586157403
1225.73219929421	60.07091908191013
1243.5608846766518	60.28016778172424
1261.648894259477	60.48373612309328
1280.0000000000375	60.681503749433865
1298.6180287200684	60.87380068510808
1317.5068629037087	61.061314041299426
1336.6704415071292	61.24502102914276
1356.112760779938	61.42606690143369
1375.8378750985323	61.60559370959143
1395.8498978115715	61.784680438381216
1416.153002097749	61.96438537914732
1436.7514218360407	62.14574471706701
1457.6494524886093	62.32965252650068
1478.8514519965543	62.51662595262782
1500.3618416886875	62.70669471781359
1522.1851072035295	62.89961254415816
1544.3257994247153	63.09493921133541
1566.788535430007	63.29192717517669
1589.5779994541087	63.48949379090742
1612.6989438654878	63.686274139616
1636.156190157402	63.88098023267058
1659.9546299533442	64.07264208029723
1684.099226027109	64.26060642832527
1708.5950133376978	64.44430392983493
1733.4471000792773	64.62294785671806
1758.6606687464096	64.79560352770505
1784.2409772147755	64.96133732813657
1810.193359837619	65.1195739468892
1836.5232285581387	65.27015605729353
1863.2360740380593	65.41276123250819
1890.3374668026197	65.5471375256088
1917.833058402214	65.67343744999876
1945.7285825909298	65.79194929891732
1974.0298565222283	65.90269407499069
2002.7427819620161	66.00540954761655
2031.8733465193618	66.09988147987289
2061.4276248951132	66.18610428941629
2091.411780148677	66.26386820732411
2121.832064983222	66.33236940858411
2152.694823049581	66.39049222747308
2184.0064902691106	66.43741383530896
2215.7735961758003	66.4728029715694
2248.002765277899	66.49636950958637
2280.7007184393456	66.50845802318506
2313.874274281297	66.50964194512417
2347.530350604038	66.50054368923256
2381.6759658295764	66.48266780499932
2416.318240465218	66.45818606244329
2451.4643985884327	66.43011499714315
2487.1217693533167	66.40179519109527
2523.2977885189675	66.3766558192733
2560.0000000000887	66.35796340216862
2597.236057440151	66.34841304829675
2635.0137258074315	66.35002753972208
2673.340883014273	66.36395175625522
2712.225521559891	66.38980488057406
2751.6757501970797	66.42564138408062
2791.699795623158	66.46854793183566
2832.3060041955137	66.51497205074892
2873.502843672097	66.5607920629035
2915.2989049772345	66.6017906910144
2957.7029039931244	66.63442098484649
3000.723683377391	66.6559498589693
3044.370214407075	66.66435959300496
3088.6515988494466	66.65807490244127
3133.57707086003	66.63531564442737
3179.1559989082334	66.59339324683165
3225.3978877309914	66.52844940101284
3272.3123803148205	66.43599952343997
3319.9092599067053	66.31143911447877
3368.198452054235	66.15112920429303
3417.190026675413	65.95455190368166
3466.8942001585724	65.726009085579
3517.3213374928373	65.4754764781825
3568.4819544295697	65.21856322380548
3620.386719675257	64.97525880102818
3673.0464571162966	64.7674339649352
3726.472148076138	64.6152501367348
3780.6749336052594	64.5337245579118
3835.6661168044484	64.53007568075294
3891.45716518188	64.60244937671979
3948.059713044477	64.74016321764242
4005.4855639240527	64.92566089219699
4063.746693038744	65.13714130057245
4122.855249790247	65.3529803149362
4182.823560297375	65.55389992627796
4243.664129966465	65.72320499689482
4305.389646099183	65.847167135997
4368.012980538242	65.916288512417
4431.5471923516225	65.92476780125708
4496.00553055582	65.86903130897187
4561.401436878714	65.74741773069859
4627.748548562617	65.56126681983906
4695.060701208099	65.31407496682505
4763.351931659176	65.01244491855599
4832.63648093046	64.66815292961624
4902.928797176889	64.29346416716558
4974.243538706657	63.899738076489406
5046.595577037959	63.49939450521181
5120.000000000202	63.10288499107152
5194.472114880326	62.716838736196294
5270.027451614888	62.347913098095795
5346.6817660285715	61.999115146090276
5424.451043119808	61.66894022483871
5503.351500394186	61.35050119867373
5583.399591246343	61.031727674728884
5664.612008391055	60.69596219388982
5747.005687344222	60.32317295274059
5830.597809954497	59.893766481208836
5915.405807986278	59.39881936670094
6001.447366754812	58.85462785921077
6088.740428814181	58.316872075921495
6177.303197698925	57.883150334394564
6267.154141720092	57.67650751224797
6358.3119978165005	57.80365644006605
6450.795775462017	58.304226524254005
6544.624760629676	59.12880454820463
6639.818519813445	60.16508645997351
6736.396904108505	61.292439717604545
6834.380053350861	62.42757091725848
6933.788400317181	63.543255317664965
7034.642674985712	64.65636094877385
7136.963908859177	65.80343949586909
7240.773439350552	67.02002606995885
7346.092914232631	68.31687313822816
7452.944296152315	69.66860845404696
7561.349867210557	71.01645885693155
7671.332233608935	72.26999518470397
7782.914330363799	73.31092219735503
7896.119426088994	74.02310118364117
8010.971127848146	74.31877807704126
8127.49338607753	74.15928687685164
8245.710499580537	73.57147540021869
8365.647120594791	72.64030408367579
8487.328259932974	71.48261850316763
8610.77929219841	70.21984836792515
8736.025961076528	68.96183673889564
8863.094384703289	67.78325967173633
8992.011061111683	66.73188233266526
9122.802873757471	65.81992653905357
9255.497097125279	65.03416646660274
9390.121402416245	64.35121123201401
9526.7038633184	63.74256971333436
9665.272961860968	63.17466686488237
9805.857594353829	62.62402685517778
9948.487077413367	62.068859670641174
10093.19115407597	61.483412341051384
10240.000000000457	60.86273377807136
10388.944229760706	60.20864865826872
10540.05490322983	59.52413792623951
10693.363532057198	58.82284669687835
10848.902086239672	58.12143811530683
11006.703000788428	57.44020394348438
11166.799182492743	56.802749325698414
11329.224016782166	56.215353175785275
11494.0113746885	55.67597993911751
11661.195619909053	55.19563545880776
11830.811615972614	54.78342355819795
12002.894733509682	54.439568199118995
12177.48085762842	54.164676869580674
12354.606395397908	53.96740800352101
12534.308283440243	53.87040897950198
12716.62399563306	53.902832720645584
12901.591550924093	54.090447729082264
13089.249521259411	54.46384933952529
13279.637039626952	55.05051815476409
13472.793808217073	55.872168137208966
13668.760106701786	56.95346558256439
13867.576800634426	58.278087480740595
14069.285349971487	59.772867156369045
14273.927817718419	61.296915895964126
14481.54687870117	62.649625308417306
14692.18582846533	63.627519258353466
14905.888592304698	64.06135615432866
15122.699734421185	63.907629888615375
15342.664467217943	63.24275994632929
15565.828660727671	62.26673519923944
15792.238852178061	61.249702048078206
16021.942255696367	60.425689980134926
16254.986772155136	59.940631482860375
16491.42099916115	59.78266914597644
16731.294241189662	59.787160104640876
16974.65651986603	59.73442122183008
17221.558584396902	59.40675301839438
17472.051922153143	58.642084187994264
17726.188769406665	57.398381885424655
17984.022122223458	55.74307147104499
18245.605747515034	53.837301563735025
18510.99419425065	51.93115956972384
18780.242804832582	50.31552289823247
19053.40772663689	49.229544075326714
19330.545923722028	48.69558885516466
19611.71518870775	48.57053477715614
19896.974154826825	48.577268718186964
20186.382308152035	48.58734063642772