20	69.03829916293417
20.290906698750476	69.05355428765107
20.586044732869844	69.06879231433022
20.885475648548283	69.08397269125669
21.189261887185914	69.09901917587321
21.49746679841394	69.11382143445445
21.810154653305165	69.12824361285665
22.12739065777668	69.14213391065701
22.449240966187475	69.15533360136537
22.77577269513385	69.16768491822553
23.107053937445478	69.17903710120058
23.44315377638505	69.18925113893654
23.784142300054445	69.1982032162863
24.130090616010463	69.20578302596923
24.481070866093134	69.21189169135515
24.837156241469714	69.21644091918901
25.1984209978975	69.21935346988435
25.56494047120865	69.22056502496136
25.936791093020236	69.2200267235726
26.3140504066728	69.21770496318786
26.69679708340074	69.21357767717066
27.08511093873791	69.20763099819075
27.47907294916184	69.19985736736191
27.878765268980047	69.19025510605461
28.284271247461966	69.17882946293126
28.695675446220072	69.16559445014303
29.11306365684382	69.1505729127739
29.536522918790062	69.13379544683744
29.966141537533712	69.11529965127747
30.402009102982383	69.09512826463056
30.844216508158908	69.07332689059572
31.29285596815558	69.04994194042659
31.74802103936409	69.02501890752373
32.20980663898519	68.9986005178361
32.67830906482211	68.97072543525924
33.153626015361866	68.9414279827932
33.63585661014871	68.91073779311927
34.125101410453844	68.87867977605518
34.62146244024586	68.84527686224237
35.12504320746613	68.81055180501943
35.635948725613716	68.77452631703703
36.15428553564419	68.7372205641869
36.68016172818701	68.69865383770717
37.21368696608603	68.6588463549641
37.754972507267915	68.61782203076595
38.30413122794313	68.57561087851792
38.86127764614443	68.5322487296965
39.4265279456077	68.48777706617807
40.000000000000206	68.44224248305034
40.58181339750116	68.39569319958613
41.1720894657399	68.34817800500706
41.77095129709678	68.29974257954265
42.37852377437204	68.25042865158105
42.9949335968281	68.20027406751642
43.62030930661056	68.14931024568658
44.25478131555359	68.09756115190028
44.89848193237519	68.04504801174747
45.55154539026795	67.99179014064792
46.21410787489121	67.93780462803515
46.88630755277036	67.88310662749826
47.56828460010916	67.8277103196725
48.260181232021196	67.77163055793778
48.962141732186545	67.71488524166766
49.674312482939705	67.65749837019972
50.39684199579528	67.59950196698104
51.129880942417586	67.54093330008668
51.873582186040764	67.48183694998303
52.628100813345895	67.42226517741713
53.393594166801776	67.36227745938137
54.17022187747612	67.30193456716643
54.95814589832399	67.24129747215038
55.75753053796041	67.18042530450766
56.56854249492426	67.11937381273111
57.39135089244048	67.05819127615914
58.226127313687975	66.99691738254337
59.073045837580466	66.93557895160426
59.932283075067765	66.87419133308975
60.804018205965114	66.81275947559003
61.68843301631817	66.75127417898179
62.58571193631152	66.68971135133742
63.49604207872855	66.62803194337668
64.41961327797075	66.5661875796181
65.35661812964459	66.5041232329456
66.3072520307241	66.44178118249917
67.27171322029778	66.37910098412043
68.25020282090806	66.31601978730701
69.2429248804921	66.252477338791
70.25008641493265	66.18841807429868
71.27189745122783	66.12379056382433
72.30857107128878	66.05854836806684
73.36032345637442	65.99265115655939
74.42737393217246	65.92606646378664
75.50994501453623	65.85877176374767
76.60826245588666	65.7907514914938
77.72255529228926	65.7219932718444
78.85305589121582	65.65248562912858
80.00000000000082	65.58222070990391
81.16362679500274	65.51119962409902
82.34417893148023	65.43942274739699
83.541902594194	65.36688731519779
84.75704754874454	65.29358883284098
85.98986719365665	65.2195234219447
87.24061861322157	65.14468810219564
88.50956263110764	65.0690730688609
89.79696386475084	64.9926633361769
91.10309078053635	64.91544011585289
92.42821574978288	64.8373776244106
93.77261510554118	64.7584476403025
95.13656920021877	64.6786218181638
96.52036246404286	64.59787084498105
97.92428346437356	64.51616199307793
99.34862496587989	64.43346604489514
100.79368399159105	64.34975589195011
102.25976188483567	64.26500648087014
103.74716437208203	64.1792059408589
105.25620162669229	64.0923583438418
106.78718833360406	64.00448463556602
108.34044375495276	63.915624741563136
109.9162917966485	63.825840574074064
111.51506107592134	63.735217310860385
113.13708498984903	63.64385113097015
114.78270178488147	63.55184836505683
116.45225462737648	63.4593138923925
118.14609167516147	63.36634850036142
119.86456615013608	63.273043540427054
121.60803641193078	63.179485851708435
123.3768660326369	63.08575433087422
125.17142387262359	62.99192162343666
126.99208415745765	62.898053269571626
128.83922655594208	62.80420899329298
130.71323625928977	62.71044955620845
132.61450406144883	62.616829244871965
134.5434264405962	62.52340482608028
136.50040564181674	62.43024365775662
138.48584976098482	62.33742030354976
140.50017282986593	62.24502389238618
142.5437949024563	62.15316590985361
144.61714214257822	62.06197004829996
146.7206469127495	61.971573260463956
148.8547478643456	61.88211320368906
151.01989002907314	61.79373141544626
153.216524911774	61.70657169625029
155.4451105845792	61.62076739269853
157.70611178243232	61.536441682968665
160.00000000000236	61.45371057689149
162.3272535900062	61.37268342706917
164.6883578629612	61.293463256598294
167.08380518838874	61.21615172899344
169.51409509748981	61.140845519744055
171.97973438731407	61.06763963382822
174.4812372264439	60.99661761621547
177.01912526221608	60.92785175438403
179.5939277295025	60.86140367501596
182.20618156107355	60.79732539358887
184.85643149956664	60.73567035476654
187.54523021108326	60.67648962420874
190.27313840043846	60.619834074880764
193.04072492808663	60.56574762378165
195.84856692874806	60.51425817756897
198.69724993176072	60.46537324384431
201.58736798318304	60.419077061104275
204.5195237696723	60.37533109054818
207.49432874416505	60.3340799544673
210.5124032533856	60.295254234920634
213.57437666720915	60.25876831520715
216.68088750990657	60.224517207973335
219.83258359329807	60.1923788264393
223.03012215184378	60.1622212045012
226.2741699796992	60.133906916073
229.5654035697641	60.10729469448906
232.90450925475412	60.082243049976654
236.2921833503241	60.05861387679418
239.72913230027333	60.036275524258784
243.21607282386276	60.01510302835359
246.75373206527502	59.994976279830645
250.34284774524843	59.975781062785124
253.9841683149166	59.95741074993638
257.67845311188546	59.939766070665385
261.42647251858085	59.922752894887836
265.22900812289896	59.90627978461887
269.08685288119375	59.890258925925124
273.0008112836349	59.87460643589804
276.97169952197106	59.85924141862262
281.00034565973334	59.84408403324355
285.0875898049141	59.829053203241706
289.23428428515797	59.81406758806499
293.44129382550057	59.7990479517389
297.7094957286928	59.7839193659111
302.0397800581479	59.76861391809857
306.4330498235497	59.753073855844484
310.89022116916016	59.73725471454336
315.41222356486645	59.72112805802028
320.00000000000654	59.70468401090655
324.6545071800142	59.6879333380806
329.3767157259242	59.67090667186077
334.16761037677935	59.653651760791796
339.02819019498156	59.63623087530819
343.95946877463007	59.618719322431964
348.9624744528898	59.601203467607895
354.03825052443415	59.58377622226251
359.187855459007	59.56653078429871
364.4123631221491	59.54955575511437
369.71286299913527	59.53293234673077
375.0904604221685	59.51673221337953
380.54627680087896	59.501020703452404
386.08144985617537	59.48586019431997
391.6971338574982	59.47131200652168
397.3944998635236	59.45743964048425
403.1747359663683	59.44430975733371
409.0390475393468	59.43198981952714
414.9886574883323	59.42054323629491
421.0248065067734	59.410020431371436
427.1487533344206	59.40044889840106
433.3617750198154	59.391835168888115
439.6651671865984	59.38416973045862
446.06024430368984	59.37742798670778
452.54833995940066	59.37156612626243
459.13080713953053	59.3665141100915
465.8090185095106	59.362176066075115
472.58436670065066	59.35844135706187
479.45826460054917	59.355195359050875
486.432145647728	59.35232728104658
493.50746413055253	59.349735460125515
500.6856954904994	59.3473305876627
507.9683366298358	59.345037298694635
515.3569062237735	59.34279453147131
522.8529450371643	59.340555008053734
530.4580162458005	59.338284135035835
538.1737057623901	59.33595856515775
546.0016225672724	59.33356459897981
553.9433990439449	59.33109655973594
562.0006913194694	59.32855521323253
570.1751796098309	59.32594627071352
578.4685685703187	59.32327896311537
586.8825876510039	59.32056464398306
595.4189914573883	59.31781535915683
604.0795601162986	59.31504229545619
612.8660996471021	59.31225400816354
621.780442338323	59.30945484998231
630.8244471297356	59.30664514263392
640.0000000000159	59.30382169815084
649.3090143600314	59.30097804045823
658.7534314518515	59.29810427573181
668.3352207535618	59.295186632407415
678.0563803899662	59.29220670293559
687.9189375492632	59.28914046411262
697.9249489057827	59.28595718993162
708.0765010488715	59.28261842471585
718.3757109180171	59.27907725835805
728.8247262443015	59.27527821739998
739.425725998274	59.27115818814763
750.1809208443404	59.266648880270914
761.0925536017613	59.261681447985424
772.1628997123541	59.25619397485073
783.3942677149998	59.25014257287112
794.7889997270506	59.24351681405503
806.34947193274	59.23636008265156
818.0780950786972	59.22879051114979
829.9773149766683	59.221007473081166
842.0496130135506	59.2132933675826
854.2975066688449	59.20601488811292
866.7235500396347	59.19962128013034
879.3303343732008	59.194635273931745
892.1204886073838	59.191631128282225
905.0966799188055	59.19120927321818
918.2616142790653	59.19401940710279
931.6180370190256	59.20080810675378
945.1687334013056	59.21243784390835
958.9165292011028	59.229856152628614
972.8642912954606	59.25400084465417
987.0149282611097	59.28566252924659
1001.3713909810035	59.32542437497762
1015.9366732596762	59.37363279007647
1030.7138124475518	59.43034625698505
1045.7058900743334	59.495357446470756
1060.916032491606	59.568182569451096
1076.3474115247852	59.648117798212596
1092.0032451345498	59.73429257800225
1107.8867980878947	59.82568447552634
1124.0013826389438	59.9212462960419
1140.350359219667	60.019924877572294
1156.9371371406426	60.12054032867248
1173.765175302013	60.22193659655741
1190.837982914782	60.32295291130958
1208.1591202326028	60.42236311458059
1225.73219929421	60.51898651763553
1243.5608846766518	60.61160529887658
1261.648894259477	60.69889866041439
1280.0000000000375	60.77961386548093
1298.6180287200684	60.85258682844206
1317.5068629037087	60.91676357635689
1336.6704415071292	60.97130751148335
1356.112760779938	61.015729151063184
1375.8378750985323	61.04986231075959
1395.8498978115715	61.074005525528705
1416.153002097749	61.089002562316836
1436.7514218360407	61.096329718571795
1457.6494524886093	61.09820967815364
1478.8514519965543	61.097657621496474
1500.3618416886875	61.09867417952395
1522.1851072035295	61.10624527812701
1544.3257994247153	61.1260391660103
1566.788535430007	61.16398917808904
1589.5779994541087	61.225501337800885
1612.6989438654878	61.31451739747115
1636.156190157402	61.432785186086754
1659.9546299533442	61.578972999073535
1684.099226027109	61.74882314655716
1708.5950133376978	61.93582047911371
1733.4471000792773	62.131993277083076
1758.6606687464096	62.329067191309996
1784.2409772147755	62.519719264767744
1810.193359837619	62.69825933518455
1836.5232285581387	62.86067074724895
1863.2360740380593	63.00458002941022
1890.3374668026197	63.12893699494167
1917.833058402214	63.23338774620092
1945.7285825909298	63.317835965193225
1974.0298565222283	63.382066768569295
2002.7427819620161	63.42516664661615
2031.8733465193618	63.445192604708275
2061.4276248951132	63.438750115736326
2091.411780148677	63.40082102286287
2121.832064983222	63.32475901353861
2152.694823049581	63.202576599697146
2184.0064902691106	63.02588217838532
2215.7735961758003	62.78714742624824
2248.002765277899	62.48192540898454
2280.7007184393456	62.11195319731318
2313.874274281297	61.6889818837174
2347.530350604038	61.23860809204289
2381.6759658295764	60.802922640216195
2416.318240465218	60.44053757740725
2451.4643985884327	60.22102756116454
2487.1217693533167	60.21299360058723
2523.2977885189675	60.46594461790384
2560.0000000000887	60.991940835673866
2597.236057440151	61.758298531130194
2635.0137258074315	62.69625139111372
2673.340883014273	63.71951540195504
2712.225521559891	64.74434796159916
2751.6757501970797	65.7033246895713
2791.699795623158	66.55121025492205
2832.3060041955137	67.2644228418326
2873.502843672097	67.83591984702956
2915.2989049772345	68.27057274563516
2957.7029039931244	68.58014998982891
3000.723683377391	68.77980397372373
3044.370214407075	68.88584412502405
3088.6515988494466	68.91367810369617
3133.57707086003	68.87671096208749
3179.1559989082334	68.78596895698061
3225.3978877309914	68.65032121929984
3272.3123803148205	68.47755540533831
3319.9092599067053	68.27541514476347
3368.198452054235	68.0526225296152
3417.190026675413	67.81949609685681
3466.8942001585724	67.58707490437126
3517.3213374928373	67.36573359004393
3568.4819544295697	67.16394322135953
3620.386719675257	66.98679271970906
3673.0464571162966	66.83614671661017
3726.472148076138	66.71052035626772
3780.6749336052594	66.60626969375278
3835.6661168044484	66.51863768957324
3891.45716518188	66.44202118112968
3948.059713044477	66.37061793247331
4005.4855639240527	66.2990648753506
4063.746693038744	66.22225305172572
4122.855249790247	66.13543000853129
4182.823560297375	66.0343087142749
4243.664129966465	65.91502728862005
4305.389646099183	65.77381989285747
4368.012980538242	65.60738413117953
4431.5471923516225	65.4137779537937
4496.00553055582	65.19194465753013
4561.401436878714	64.94210782560104
4627.748548562617	64.66570547021246
4695.060701208099	64.36460159085397
4763.351931659176	64.04161899813158
4832.63648093046	63.70110042500651
4902.928797176889	63.34752185483586
4974.243538706657	62.98574886624748
5046.595577037959	62.62132446376555
5120.000000000202	62.259218817437116
5194.472114880326	61.90485069160171
5270.027451614888	61.563682496826374
5346.6817660285715	61.24257408312195
5424.451043119808	60.95040523637672
5503.351500394186	60.69553915872297
5583.399591246343	60.484926395332636
5664.612008391055	60.322440171164324
5747.005687344222	60.2090782274338
5830.597809954497	60.14199648831599
5915.405807986278	60.115645562407146
6001.447366754812	60.12306053386459
6088.740428814181	60.15881331343026
6177.303197698925	60.22027865686905
6267.154141720092	60.30631178983618
6358.3119978165005	60.41821981704584
6450.795775462017	60.562181870299234
6544.624760629676	60.74812633731993
6639.818519813445	60.98799158852565
6736.396904108505	61.290150799418434
6834.380053350861	61.65543344580324
6933.788400317181	62.06928483961999
7034.642674985712	62.49716028864772
7136.963908859177	62.8807077703709
7240.773439350552	63.13995733753036
7346.092914232631	63.185875928698316
7452.944296152315	62.93919732180901
7561.349867210557	62.35503017149791
7671.332233608935	61.44488351095657
7782.914330363799	60.285022656288206
7896.119426088994	58.99444383125478
8010.971127848146	57.706728232135035
8127.49338607753	56.54504486118619
8245.710499580537	55.60603112688145
8365.647120594791	54.953867428151014
8487.328259932974	54.60899877897946
8610.77929219841	54.54336355185121
8736.025961076528	54.68069015841955
8863.094384703289	54.91838582253038
8992.011061111683	55.16118433793265
9122.802873757471	55.34562495399343
9255.497097125279	55.44504821312926
9390.121402416245	55.46832310033037
9526.7038633184	55.45627841643363
9665.272961860968	55.46917085292093
9805.857594353829	55.570485555074384
9948.487077413367	55.80622997461761
10093.19115407597	56.18371637086557
10240.000000000457	56.655896142418804
10388.944229760706	57.15136476437384
10540.05490322983	57.614217845172405
10693.363532057198	58.01874676057675
10848.902086239672	58.36435179188345
11006.703000788428	58.66764022273525
11166.799182492743	58.94851351626251
11329.224016782166	59.22199627667446
11494.0113746885	59.479316671537255
11661.195619909053	59.691415512633114
11830.811615972614	59.82404091539449
12002.894733509682	59.847252401040066
12177.48085762842	59.750306614050565
12354.606395397908	59.53092853325558
12534.308283440243	59.19072829510636
12716.62399563306	58.74926315115683
12901.591550924093	58.256611455455875
13089.249521259411	57.78046635991814
13279.637039626952	57.38927655365815
13472.793808217073	57.145320975025456
13668.760106701786	57.084395243033015
13867.576800634426	57.20990043960868
14069.285349971487	57.48393293297995
14273.927817718419	57.84053628267622
14481.54687870117	58.21517711556903
14692.18582846533	58.559064581348665
14905.888592304698	58.85969971778589
15122.699734421185	59.11289874937017
15342.664467217943	59.29647233167048
15565.828660727671	59.37339307082197
15792.238852178061	59.31826673692488
16021.942255696367	59.099255154504704
16254.986772155136	58.66226355089776
16491.42099916115	57.96999674158924
16731.294241189662	56.99000292329236
16974.65651986603	55.71493333818194
17221.558584396902	54.186183980160955
17472.051922153143	52.482960335870466
17726.188769406665	50.72989440445712
17984.022122223458	49.04298547054229
18245.605747515034	47.5000618916294
18510.99419425065	46.203486733507354
18780.242804832582	45.26449614908451
19053.40772663689	44.72903691344314
19330.545923722028	44.52663281906794
19611.71518870775	44.494486379373676
19896.974154826825	44.49756127955666
20186.382308152035	44.49496590901839