20	103.47316246716431
20.290906698750476	103.48306187552524
20.586044732869844	103.49296725652482
20.885475648548283	103.50288798760631
21.189261887185914	103.51283675325308
21.49746679841394	103.52282857913686
21.810154653305165	103.53287988133576
22.12739065777668	103.5430075386644
22.449240966187475	103.55322799714267
22.77577269513385	103.56355641622122
23.107053937445478	103.57400586660184
23.44315377638505	103.58458658937266
23.784142300054445	103.59530532574361
24.130090616010463	103.60616472595031
24.481070866093134	103.61716284492515
24.837156241469714	103.62829273115065
25.1984209978975	103.6395421137567
25.56494047120865	103.65089319143765
25.936791093020236	103.66232252518348
26.3140504066728	103.6738010351743
26.69679708340074	103.68529410050105
27.08511093873791	103.69676175868048
27.47907294916184	103.70815900025458
27.878765268980047	103.71943615214596
28.284271247461966	103.73053934191405
28.695675446220072	103.74141103366718
29.11306365684382	103.75199062516302
29.536522918790062	103.76221509460643
29.966141537533712	103.77201968485386
30.402009102982383	103.78133861217965
30.844216508158908	103.79010578646736
31.29285596815558	103.7982555296733
31.74802103936409	103.80572327967023
32.20980663898519	103.81244626711873
32.67830906482211	103.81836415381589
33.153626015361866	103.82341962202
33.63585661014871	103.82755890551572
34.125101410453844	103.83073225463092
34.62146244024586	103.8328943290009
35.12504320746613	103.83400451354552
35.635948725613716	103.83402715482485
36.15428553564419	103.83293171661053
36.68016172818701	103.83069285510055
37.21368696608603	103.8272904156644
37.754972507267915	103.82270935430195
38.30413122794313	103.81693958810884
38.86127764614443	103.80997577995397
39.4265279456077	103.80181706329454
40.000000000000206	103.79246671358544
40.58181339750116	103.7819317731009
41.1720894657399	103.77022263619095
41.77095129709678	103.75735260206952
42.37852377437204	103.74333740219514
42.9949335968281	103.72819470919022
43.62030930661056	103.71194363407005
44.25478131555359	103.69460421834374
44.89848193237519	103.67619692731701
45.55154539026795	103.65674215068245
46.21410787489121	103.63625971623205
46.88630755277036	103.61476842226925
47.56828460010916	103.5922855940288
48.260181232021196	103.5688266691231
48.962141732186545	103.54440481671072
49.674312482939705	103.51903059471569
50.39684199579528	103.49271164900709
51.129880942417586	103.46545245797708
51.873582186040764	103.43725412544121
52.628100813345895	103.4081142242474
53.393594166801776	103.37802669244515
54.17022187747612	103.34698178336363
54.95814589832399	103.31496607049824
55.75753053796041	103.28196250771872
56.56854249492426	103.24795054497699
57.39135089244048	103.21290629937913
58.226127313687975	103.1768027811508
59.073045837580466	103.13961017361797
59.932283075067765	103.10129616578942
60.804018205965114	103.06182633541833
61.68843301631817	103.02116457949718
62.58571193631152	102.97927358799761
63.49604207872855	102.93611535533009
64.41961327797075	102.89165172253601
65.35661812964459	102.84584494173244
66.3072520307241	102.79865825292399
67.27171322029778	102.75005646210174
68.25020282090806	102.70000650868057
69.2429248804921	102.64847800988566
70.25008641493265	102.59544376975367
71.27189745122783	102.54088024098962
72.30857107128878	102.48476792900784
73.36032345637442	102.42709172903129
74.42737393217246	102.36784118905469
75.50994501453623	102.30701069370387
76.60826245588666	102.24459956646012
77.72255529228926	102.18061209028754
78.85305589121582	102.11505744933157
80.00000000000082	102.04794959698391
81.16362679500274	101.9793070581616
82.34417893148023	101.90915267604358
83.541902594194	101.83751331565155
84.75704754874454	101.76441953844676
85.98986719365665	101.68990526343863
87.24061861322157	101.61400743107926
88.50956263110764	101.53676568637559
89.79696386475084	101.45822209713272
91.10309078053635	101.37842092201386
92.42821574978288	101.29740844116152
93.77261510554118	101.21523285949546
95.13656920021877	101.13194428955013
96.52036246404286	101.04759481693713
97.92428346437356	100.96223864736423
99.34862496587989	100.87593232979532
100.79368399159105	100.78873504600213
102.25976188483567	100.70070895264841
103.74716437208203	100.6119195583739
105.25620162669229	100.52243611532576
106.78718833360406	100.43233200241923
108.34044375495276	100.34168507646895
109.9162917966485	100.25057796732618
111.51506107592134	100.1590982943298
113.13708498984903	100.06733878369259
114.78270178488147	99.97539726980166
116.45225462737648	99.88337656766222
118.14609167516147	99.79138420870326
119.86456615013608	99.69953203771763
121.60803641193078	99.60793567464869
123.3768660326369	99.516713851043
125.17142387262359	99.42598763700674
126.99208415745765	99.33587958012787
128.83922655594208	99.2465127827395
130.71323625928977	99.15800994779025
132.61450406144883	99.07049242618683
134.5434264405962	98.9840792995862
136.50040564181674	98.89888653211602
138.48584976098482	98.81502622236818
140.50017282986593	98.73260598329216
142.5437949024563	98.65172847246001
144.61714214257822	98.57249108881177
146.7206469127495	98.49498584472788
148.8547478643456	98.41929941446912
151.01989002907314	98.34551335205387
153.216524911774	98.27370446386239
155.4451105845792	98.20394531399643
157.70611178243232	98.13630483395534
160.00000000000236	98.07084900275062
162.3272535900062	98.00764155936407
164.6883578629612	97.94674470660907
167.08380518838874	97.88821976406534
169.51409509748981	97.8321277278558
171.97973438731407	97.7785296965873
174.4812372264439	97.72748712574189
177.01912526221608	97.67906187712528
179.5939277295025	97.63331603562101
182.20618156107355	97.59031147243621
184.85643149956664	97.55010914223564
187.54523021108326	97.51276811099164
190.27313840043846	97.4783443219166
193.04072492808663	97.44688911828709
195.84856692874806	97.41844755401831
198.69724993176072	97.39305653509969
201.58736798318304	97.37074284694805
204.5195237696723	97.35152113375256
207.49432874416505	97.33539190528835
210.5124032533856	97.32233965374274
213.57437666720915	97.31233116712501
216.68088750990657	97.30531412617871
219.83258359329807	97.301216067883
223.03012215184378	97.29994379027532
226.2741699796992	97.30138326030735
229.5654035697641	97.30540006880214
232.90450925475412	97.31184045460773
236.2921833503241	97.32053289435025
239.72913230027333	97.3312902258107
243.21607282386276	97.3439122434102
246.75373206527502	97.35818867560766
250.34284774524843	97.37390242857207
253.9841683149166	97.39083296080061
257.67845311188546	97.40875964170347
261.42647251858085	97.42746494529247
265.22900812289896	97.44673733879206
269.08685288119375	97.46637374491556
273.0008112836349	97.48618148429907
276.97169952197106	97.50597963889199
281.00034565973334	97.52559981514516
285.0875898049141	97.54488632456687
289.23428428515797	97.56369583566322
293.44129382550057	97.58189658280908
297.7094957286928	97.59936724207103
302.0397800581479	97.61599559983327
306.4330498235497	97.63167714632876
310.89022116916016	97.64631372265815
315.41222356486645	97.65981233721119
320.00000000000654	97.67208424695839
324.6545071800142	97.68304437282939
329.3767157259242	97.69261108870712
334.16761037677935	97.70070639295483
339.02819019498156	97.70725644223431
343.95946877463007	97.71219240156819
348.9624744528898	97.7154515433816
354.03825052443415	97.71697851218914
359.187855459007	97.7167266607946
364.4123631221491	97.71465935828742
369.71286299913527	97.71075116966693
375.0904604221685	97.7049888115114
380.54627680087896	97.69737179756946
386.08144985617537	97.68791270212722
391.6971338574982	97.6766369868526
397.3944998635236	97.66358235762631
403.1747359663683	97.64879764051197
409.0390475393468	97.63234118929144
414.9886574883323	97.61427885969819
421.0248065067734	97.59468160651784
427.1487533344206	97.57362277815031
433.3617750198154	97.55117519831732
439.6651671865984	97.52740813580377
446.06024430368984	97.50238427005705
452.54833995940066	97.47615676293007
459.13080713953053	97.44876654484816
465.8090185095106	97.42023991744314
472.58436670065066	97.39058656475818
479.45826460054917	97.35979805233865
486.432145647728	97.32784687889747
493.50746413055253	97.29468612961215
500.6856954904994	97.26024976388825
507.9683366298358	97.22445355351634
515.3569062237735	97.18719666911375
522.8529450371643	97.14836389307376
530.4580162458005	97.10782841574033
538.1737057623901	97.06545514859766
546.0016225672724	97.02110446480908
553.9433990439449	96.97463625452617
562.0006913194694	96.92591416112349
570.1751796098309	96.87480984598544
578.4685685703187	96.8212071146307
586.8825876510039	96.7650057267782
595.4189914573883	96.70612470890761
604.0795601162986	96.6445049920974
612.8660996471021	96.58011121312674
621.780442338323	96.51293254605957
630.8244471297356	96.44298247751763
640.0000000000159	96.37029750288477
649.3090143600314	96.2949348015798
658.7534314518515	96.21696904308276
668.3352207535618	96.13648857410104
678.0563803899662	96.05359133037494
687.9189375492632	95.96838089162765
697.9249489057827	95.88096314306831
708.0765010488715	95.79144401209916
718.3757109180171	95.6999287086103
728.8247262443015	95.60652281103245
739.425725998274	95.51133541482753
750.1809208443404	95.41448440889101
761.0925536017613	95.31610378568891
772.1628997123541	95.21635273873112
783.3942677149998	95.11542616689773
794.7889997270506	95.01356609438065
806.34947193274	94.9110734287598
818.0780950786972	94.80831941660215
829.9773149766683	94.70575611366922
842.0496130135506	94.60392516436461
854.2975066688449	94.50346418391543
866.7235500396347	94.40511006036445
879.3303343732008	94.30969854656287
892.1204886073838	94.21815960209689
905.0966799188055	94.13150808024895
918.2616142790653	94.05082954264579
931.6180370190256	93.97726122616369
945.1687334013056	93.91196847774349
958.9165292011028	93.85611729933116
972.8642912954606	93.81084398638511
987.0149282611097	93.77722317380609
1001.3713909810035	93.75623589341618
1015.9366732596762	93.74873946308333
1030.7138124475518	93.75544113202017
1045.7058900743334	93.77687736484405
1060.916032491606	93.81340043134759
1076.3474115247852	93.86517356429887
1092.0032451345498	93.93217535524283
1107.8867980878947	94.0142133030485
1124.0013826389438	94.11094556670709
1140.350359219667	94.22190909133457
1156.9371371406426	94.34655149136887
1173.765175302013	94.48426350743816
1190.837982914782	94.63440859937899
1208.1591202326028	94.7963463657103
1225.73219929421	94.9694470361214
1243.5608846766518	95.153095280727
1261.648894259477	95.34668295573282
1280.0000000000375	95.54959198788413
1298.6180287200684	95.7611701290896
1317.5068629037087	95.98070350931334
1336.6704415071292	96.20739054906785
1356.112760779938	96.44032171512781
1375.8378750985323	96.67846878319698
1395.8498978115715	96.9206858427882
1416.153002097749	97.16572252612852
1436.7514218360407	97.41224820097915
1457.6494524886093	97.65888443719356
1478.8514519965543	97.90424216212065
1500.3618416886875	98.14695967852859
1522.1851072035295	98.38573811890633
1544.3257994247153	98.61937180028623
1566.788535430007	98.8467720583221
1589.5779994541087	99.06698418592308
1612.6989438654878	99.27919788048749
1636.156190157402	99.48275205440889
1659.9546299533442	99.67713501665129
1684.099226027109	99.86198098904168
1708.5950133376978	100.03706384181594
1733.4471000792773	100.20228895423948
1758.6606687464096	100.35768420272632
1784.2409772147755	100.50339105056253
1810.193359837619	100.63965636196292
1836.5232285581387	100.7668249097825
1863.2360740380593	100.88533187518952
1890.3374668026197	100.99569432267117
1917.833058402214	101.09850088490575
1945.7285825909298	101.19439963428657
1974.0298565222283	101.28408506778582
2002.7427819620161	101.368285924753
2031.8733465193618	101.44775588631592
2061.4276248951132	101.52326897181698
2091.411780148677	101.59562073703557
2121.832064983222	101.66563530983929
2152.694823049581	101.73417702829515
2184.0064902691106	101.80216409394951
2215.7735961758003	101.87058028597808
2248.002765277899	101.94047950763463
2280.7007184393456	102.01297699414283
2313.874274281297	102.08922078282913
2347.530350604038	102.1703378021357
2381.6759658295764	102.25735075796021
2416.318240465218	102.3510650426825
2451.4643985884327	102.45192922652969
2487.1217693533167	102.55987798859933
2523.2977885189675	102.67417195691486
2560.0000000000887	102.79325390730335
2597.236057440151	102.9146441675793
2635.0137258074315	103.0348991939278
2673.340883014273	103.14965540626262
2712.225521559891	103.2537746860344
2751.6757501970797	103.34159806842776
2791.699795623158	103.40730001641255
2832.3060041955137	103.44531738324072
2873.502843672097	103.45080670730044
2915.2989049772345	103.42006623517621
2957.7029039931244	103.35085247105712
3000.723683377391	103.24253062127408
3044.370214407075	103.09602389735701
3088.6515988494466	102.9135614825456
3133.57707086003	102.69825887041704
3179.1559989082334	102.45358923742211
3225.3978877309914	102.18281840841495
3272.3123803148205	101.8884821052647
3319.9092599067053	101.57198721270771
3368.198452054235	101.23342188166984
3417.190026675413	100.87166362782163
3466.8942001585724	100.48487751925457
3517.3213374928373	100.07148506434798
3568.4819544295697	99.63162993022138
3620.386719675257	99.16902847910114
3673.0464571162966	98.6928350443148
3726.472148076138	98.21878558378953
3780.6749336052594	97.76855574615476
3835.6661168044484	97.36635686903765
3891.45716518188	97.03281100337696
3948.059713044477	96.77812466856895
4005.4855639240527	96.59813705361341
4063.746693038744	96.47579718121474
4122.855249790247	96.38720471460127
4182.823560297375	96.3087923339022
4243.664129966465	96.22259540990031
4305.389646099183	96.11854230952139
4368.012980538242	95.99429163865612
4431.5471923516225	95.85368328659624
4496.00553055582	95.70470259137454
4561.401436878714	95.55746972028503
4627.748548562617	95.42244531951289
4695.060701208099	95.30887599819519
4763.351931659176	95.22346440511416
4832.63648093046	95.169284840854
4902.928797176889	95.14503671268254
4974.243538706657	95.14479160069335
5046.595577037959	95.15838547079316
5120.000000000202	95.17249315481646
5194.472114880326	95.172211884943
5270.027451614888	95.14275511557162
5346.6817660285715	95.07072955173744
5424.451043119808	94.94453185831176
5503.351500394186	94.75369972001559
5583.399591246343	94.48755451569764
5664.612008391055	94.13408970486505
5747.005687344222	93.68065425305353
5830.597809954497	93.11831185430404
5915.405807986278	92.45135810136364
6001.447366754812	91.71162249437623
6088.740428814181	90.9731656452662
6177.303197698925	90.3572459624209
6267.154141720092	90.01386023296068
6358.3119978165005	90.07367669796997
6450.795775462017	90.58915084495504
6544.624760629676	91.50724014557984
6639.818519813445	92.69799413452975
6736.396904108505	94.01345906122863
6834.380053350861	95.33399933548849
6933.788400317181	96.5841054230416
7034.642674985712	97.72666826618644
7136.963908859177	98.75227869453175
7240.773439350552	99.67227366107035
7346.092914232631	100.51277691919009
7452.944296152315	101.30351525506804
7561.349867210557	102.06184725914683
7671.332233608935	102.77921239704024
7782.914330363799	103.41724945421029
7896.119426088994	103.91683042756485
8010.971127848146	104.2180550947837
8127.49338607753	104.28335889406357
8245.710499580537	104.11253567505355
8365.647120594791	103.7423757070767
8487.328259932974	103.23302324305507
8610.77929219841	102.6498823323965
8736.025961076528	102.04917194803006
8863.094384703289	101.46978759992922
8992.011061111683	100.92924425597533
9122.802873757471	100.42066274572615
9255.497097125279	99.91200588082589
9390.121402416245	99.35504317154528
9526.7038633184	98.71073707648696
9665.272961860968	97.98121924656061
9805.857594353829	97.22044512101091
9948.487077413367	96.5100371012782
10093.19115407597	95.92240466666452
10240.000000000457	95.49911017121158
10388.944229760706	95.24990472048567
10540.05490322983	95.16180149486026
10693.363532057198	95.20710737227031
10848.902086239672	95.34446149820835
11006.703000788428	95.51108644615492
11166.799182492743	95.60829659290765
11329.224016782166	95.48827256413347
11494.0113746885	94.958250232301
11661.195619909053	93.82502408986886
11830.811615972614	91.99658316842778
12002.894733509682	89.62075275709311
12177.48085762842	87.17726182903024
12354.606395397908	85.40500251473843
12534.308283440243	85.01318535393297
12716.62399563306	86.29238921579527
12901.591550924093	88.87956103657095
13089.249521259411	91.87141183997909
13279.637039626952	94.23522109111508
13472.793808217073	95.26848991628657
13668.760106701786	94.87210691573992
13867.576800634426	93.55643725168264
14069.285349971487	92.21839175159894
14273.927817718419	91.74420332938591
14481.54687870117	92.53329691870763
14692.18582846533	94.2005428069997
14905.888592304698	95.76772028297529
15122.699734421185	96.29951454953793
15342.664467217943	95.47872702375552
15565.828660727671	93.67069665451412
15792.238852178061	91.550732589672
16021.942255696367	89.73290078118316
16254.986772155136	88.66799617441336
16491.42099916115	88.61257279880526
16731.294241189662	89.25314815598948
16974.65651986603	89.053562744172
17221.558584396902	85.41180777944163
17472.051922153143	76.76091917017767
17726.188769406665	65.14840491958947
17984.022122223458	55.28720917106467
18245.605747515034	50.11371195040513
18510.99419425065	48.8992263474824
18780.242804832582	49.29813726899671
19053.40772663689	49.56448076009409
19330.545923722028	49.07262300420248
19611.71518870775	48.035364182316656
19896.974154826825	47.02075005999663
20186.382308152035	46.259312719013195