20	103.16012111781771
20.290906698750476	103.19969466947796
20.586044732869844	103.23926166590569
20.885475648548283	103.27881139269442
21.189261887185914	103.31832861786823
21.49746679841394	103.35779418045625
21.810154653305165	103.39718557280058
22.12739065777668	103.43647751340265
22.449240966187475	103.4756425067264
22.77577269513385	103.51465138615247
23.107053937445478	103.55347383620821
23.44315377638505	103.59207889026725
23.784142300054445	103.6304354001038
24.130090616010463	103.6685124739864
24.481070866093134	103.70627988038287
24.837156241469714	103.74370841480564
25.1984209978975	103.78077022783633
25.56494047120865	103.81743911291296
25.936791093020236	103.85369075302515
26.3140504066728	103.88950292602529
26.69679708340074	103.92485566881525
27.08511093873791	103.95973140119204
27.47907294916184	103.9941150106258
27.878765268980047	104.0279938996908
28.284271247461966	104.06135799826816
28.695675446220072	104.09419974298564
29.11306365684382	104.12651402664899
29.536522918790062	104.15829812065238
29.966141537533712	104.18955157352765
30.402009102982383	104.22027608891187
30.844216508158908	104.25047538627996
31.29285596815558	104.28015504781257
31.74802103936409	104.30932235475329
32.20980663898519	104.3379861165574
32.67830906482211	104.36615649605291
33.153626015361866	104.39384483371899
33.63585661014871	104.42106347404481
34.125101410453844	104.44782559675528
34.62146244024586	104.4741450554834
35.12504320746613	104.50003622622548
35.635948725613716	104.52551386763787
36.15428553564419	104.55059299491936
36.68016172818701	104.57528876867522
37.21368696608603	104.5996163997758
37.754972507267915	104.62359107080803
38.30413122794313	104.64722787427034
38.86127764614443	104.67054176718571
39.4265279456077	104.69354754131207
40.000000000000206	104.7162598076262
40.58181339750116	104.73869299326405
41.1720894657399	104.76086134864282
41.77095129709678	104.78277896209056
42.37852377437204	104.80445977899458
42.9949335968281	104.82591762227467
43.62030930661056	104.84716621090419
44.25478131555359	104.86821917325271
44.89848193237519	104.88909005219975
45.55154539026795	104.90979229926202
46.21410787489121	104.9303392553639
46.88630755277036	104.95074411633775
47.56828460010916	104.97101988174117
48.260181232021196	104.99117928609616
48.962141732186545	105.01123471216546
49.674312482939705	105.03119808636922
50.39684199579528	105.05108075689388
51.129880942417586	105.07089335545534
51.873582186040764	105.09064564404514
52.628100813345895	105.11034634832022
53.393594166801776	105.13000297959736
54.17022187747612	105.14962164768772
54.95814589832399	105.1692068670576
55.75753053796041	105.18876135902448
56.56854249492426	105.20828585289065
57.39135089244048	105.22777888906514
58.226127313687975	105.2472366273251
59.073045837580466	105.26665266340846
59.932283075067765	105.28601785710615
60.804018205965114	105.30532017493913
61.68843301631817	105.32454455036732
62.58571193631152	105.34367276429931
63.49604207872855	105.36268334847294
64.41961327797075	105.38155151407157
65.35661812964459	105.4002491077463
66.3072520307241	105.41874459703764
67.27171322029778	105.43700308703288
68.25020282090806	105.45498636995455
69.2429248804921	105.47265300924097
70.25008641493265	105.48995845953567
71.27189745122783	105.50685522383391
72.30857107128878	105.52329304881843
73.36032345637442	105.53921915913915
74.42737393217246	105.55457853103346
75.50994501453623	105.56931420523821
76.60826245588666	105.58336763860453
77.72255529228926	105.59667909319364
78.85305589121582	105.60918806091901
80.00000000000082	105.6208337210162
81.16362679500274	105.63155542679708
82.34417893148023	105.641293217301
83.541902594194	105.64998834862902
84.75704754874454	105.65758383896832
85.98986719365665	105.66402502061617
87.24061861322157	105.66926009172138
88.50956263110764	105.67324065999435
89.79696386475084	105.67592227030727
91.10309078053635	105.6772649079172
92.42821574978288	105.67723346899346
93.77261510554118	105.67579819021441
95.13656920021877	105.67293502940566
96.52036246404286	105.6686259895146
97.92428346437356	105.66285937864134
99.34862496587989	105.65562999936532
100.79368399159105	105.6469392612043
102.25976188483567	105.63679521071208
103.74716437208203	105.62521247445622
105.25620162669229	105.61221211091686
106.78718833360406	105.59782136822034
108.34044375495276	105.58207334557211
109.9162917966485	105.565006557296
111.51506107592134	105.5466643995268
113.13708498984903	105.52709452084748
114.78270178488147	105.50634809951231
116.45225462737648	105.48447903135411
118.14609167516147	105.46154303403274
119.86456615013608	105.4375966749385
121.60803641193078	105.4126963318106
123.3768660326369	105.38689709694366
125.17142387262359	105.36025163771654
126.99208415745765	105.33280902804135
128.83922655594208	105.30461356715249
130.71323625928977	105.27570360387938
132.61450406144883	105.2461103861062
134.5434264405962	105.21585695645251
136.50040564181674	105.18495711623875
138.48584976098482	105.15341448045679
140.50017282986593	105.12122164667927
142.5437949024563	105.08835950054662
144.61714214257822	105.05479667961164
146.7206469127495	105.02048921586223
148.8547478643456	104.98538037515674
151.01989002907314	104.9494007090977
153.216524911774	104.91246833155301
155.4451105845792	104.87448942814872
157.70611178243232	104.83535900266843
160.00000000000236	104.79496185947815
162.3272535900062	104.75317381595772
164.6883578629612	104.7098631335739
167.08380518838874	104.66489215082193
169.51409509748981	104.61811909593493
171.97973438731407	104.56940005218767
174.4812372264439	104.51859104396334
177.01912526221608	104.46555020767087
179.5939277295025	104.41014000824254
182.20618156107355	104.3522294594334
184.85643149956664	104.29169630459596
187.54523021108326	104.22842911410464
190.27313840043846	104.16232925622289
193.04072492808663	104.093312699989
195.84856692874806	104.021311611656
198.69724993176072	103.94627571033766
201.58736798318304	103.86817335371256
204.5195237696723	103.78699233079696
207.49432874416505	103.70274034573035
210.5124032533856	103.61544518398993
213.57437666720915	103.52515456018122
216.68088750990657	103.4319356542424
219.83258359329807	103.33587435024258
223.03012215184378	103.23707419866861
226.2741699796992	103.13565512894039
229.5654035697641	103.03175194368747
232.90450925475412	102.92551262995089
236.2921833503241	102.81709652490896
239.72913230027333	102.70667237501007
243.21607282386276	102.59441632763746
246.75373206527502	102.48050989379155
250.34284774524843	102.36513791893046
253.9841683149166	102.24848659722372
257.67845311188546	102.13074156217604
261.42647251858085	102.01208608392815
265.22900812289896	101.89269940054183
269.08685288119375	101.7727552071759
273.0008112836349	101.65242032318623
276.97169952197106	101.5318535527843
281.00034565973334	101.41120474996812
285.0875898049141	101.290614093076
289.23428428515797	101.17021156867688
293.44129382550057	101.0501166588405
297.7094957286928	100.9304382204278
302.0397800581479	100.81127454021959
306.4330498235497	100.6927135457714
310.89022116916016	100.57483314909129
315.41222356486645	100.4577016987586
320.00000000000654	100.34137851598585
324.6545071800142	100.22591449130283
329.3767157259242	100.11135272078988
334.16761037677935	99.9977291637669
339.02819019498156	99.88507330711978
343.95946877463007	99.77340882459139
348.9624744528898	99.66275422203658
354.03825052443415	99.55312346169012
359.187855459007	99.44452655997422
364.4123631221491	99.33697015448782
369.71286299913527	99.23045803679439
375.0904604221685	99.12499164859426
380.54627680087896	99.02057053980033
386.08144985617537	98.91719278782145
391.6971338574982	98.81485537792331
397.3944998635236	98.7135545449732
403.1747359663683	98.6132860774123
409.0390475393468	98.51404558516622
414.9886574883323	98.41582873445894
421.0248065067734	98.31863145395036
427.1487533344206	98.22245011791627
433.3617750198154	98.1272817129745
439.6651671865984	98.03312399493605
446.06024430368984	97.93997564175534
452.54833995940066	97.84783640745982
459.13080713953053	97.7567072805821
465.8090185095106	97.66659064917044
472.58436670065066	97.577490473023
479.45826460054917	97.48941246250314
486.432145647728	97.40236426233307
493.50746413055253	97.31635563837393
500.6856954904994	97.231398665726
507.9683366298358	97.14750791740529
515.3569062237735	97.06470065384912
522.8529450371643	96.98299701377566
530.4580162458005	96.9024202057486
538.1737057623901	96.82299669704241
546.0016225672724	96.7447563927966
553.9433990439449	96.66773279538077
562.0006913194694	96.59196313278336
570.1751796098309	96.51748844639643
578.4685685703187	96.44435363250658
586.8825876510039	96.37260743717935
595.4189914573883	96.30230241026108
604.0795601162986	96.23349483087866
612.8660996471021	96.1662446246507
621.780442338323	96.10061530210469
630.8244471297356	96.03667395766145
640.0000000000159	95.97449137686245
649.3090143600314	95.91414230369358
658.7534314518515	95.85570591811224
668.3352207535618	95.79926656602473
678.0563803899662	95.74491477113708
687.9189375492632	95.69274854168779
697.9249489057827	95.64287496548503
708.0765010488715	95.59541206296328
718.3757109180171	95.55049083842306
728.8247262443015	95.50825743283944
739.425725998274	95.46887523763196
750.1809208443404	95.43252677957247
761.0925536017613	95.39941513688304
772.1628997123541	95.36976460245036
783.3942677149998	95.34382028141516
794.7889997270506	95.32184630816839
806.34947193274	95.30412240203795
818.0780950786972	95.29093855736687
829.9773149766683	95.28258778073965
842.0496130135506	95.27935693663218
854.2975066688449	95.28151592849247
866.7235500396347	95.28930561000733
879.3303343732008	95.3029249779332
892.1204886073838	95.32251833204343
905.0966799188055	95.34816318730141
918.2616142790653	95.37985977343047
931.6180370190256	95.41752294222856
945.1687334013056	95.46097721338093
958.9165292011028	95.50995552680145
972.8642912954606	95.56410204848639
987.0149282611097	95.62297912122085
1001.3713909810035	95.68607818667402
1015.9366732596762	95.75283425270321
1030.7138124475518	95.82264325392924
1045.7058900743334	95.89488146438936
1060.916032491606	95.96892597513047
1076.3474115247852	96.0441751535632
1092.0032451345498	96.12006796312299
1107.8867980878947	96.1961010503009
1124.0013826389438	96.27184260956821
1140.350359219667	96.34694221938217
1156.9371371406426	96.42113610207912
1173.765175302013	96.49424758671229
1190.837982914782	96.56618292696497
1208.1591202326028	96.63692301529846
1225.73219929421	96.70651189777033
1243.5608846766518	96.77504328276922
1261.648894259477	96.84264640315283
1280.0000000000375	96.90947259812022
1298.6180287200684	96.97568381402567
1317.5068629037087	97.04144389870842
1336.6704415071292	97.10691313206252
1356.112760779938	97.17224597288839
1375.8378750985323	97.23759159136868
1395.8498978115715	97.30309646226645
1416.153002097749	97.36890814521561
1436.7514218360407	97.4351793674337
1457.6494524886093	97.50207161804397
1478.8514519965543	97.56975762206532
1500.3618416886875	97.63842225562179
1522.1851072035295	97.70826167915745
1544.3257994247153	97.77948070156071
1566.788535430007	97.85228864031433
1589.5779994541087	97.92689418811392
1612.6989438654878	98.00349999265113
1636.156190157402	98.08229775334343
1659.9546299533442	98.16346459386152
1684.099226027109	98.24716126158675
1708.5950133376978	98.33353234949205
1733.4471000792773	98.42270829197307
1758.6606687464096	98.51480845585954
1784.2409772147755	98.60994435246211
1810.193359837619	98.70822193068035
1836.5232285581387	98.80974209462195
1863.2360740380593	98.91459895041034
1890.3374668026197	99.02287569511492
1917.833058402214	99.13463838641093
1945.7285825909298	99.24992799607645
1974.0298565222283	99.36875114530787
2002.7427819620161	99.49106979802279
2031.8733465193618	99.61679003161034
2061.4276248951132	99.74574987798836
2091.411780148677	99.87770614505283
2121.832064983222	100.01232005162596
2152.694823049581	100.14914138202774
2184.0064902691106	100.28759066194456
2215.7735961758003	100.42693860519317
2248.002765277899	100.56628187363174
2280.7007184393456	100.70451417760654
2313.874274281297	100.84029211556897
2347.530350604038	100.97199611526165
2381.6759658295764	101.09768854071483
2416.318240465218	101.21507350091431
2451.4643985884327	101.32146605838052
2487.1217693533167	101.4137822101067
2523.2977885189675	101.48856484644391
2560.0000000000887	101.54206418349186
2597.236057440151	101.57039268105407
2635.0137258074315	101.56977239545236
2673.340883014273	101.53688488947415
2712.225521559891	101.46931816267181
2751.6757501970797	101.36608044417243
2791.699795623158	101.22811814424816
2832.3060041955137	101.05873963978561
2873.502843672097	100.86381813660451
2915.2989049772345	100.65164153389357
2957.7029039931244	100.4323133758006
3000.723683377391	100.2166986319267
3044.370214407075	100.0150433238333
3088.6515988494466	99.8355389955983
3133.57707086003	99.68318667468527
3179.1559989082334	99.55927985076904
3225.3978877309914	99.46166096127673
3272.3123803148205	99.38567111515005
3319.9092599067053	99.32551021405867
3368.198452054235	99.27563424874813
3417.190026675413	99.23185200070635
3466.8942001585724	99.19189871495351
3517.3213374928373	99.15539572308053
3568.4819544295697	99.12321066909503
3620.386719675257	99.09630966804927
3673.0464571162966	99.07426922519751
3726.472148076138	99.05373077514813
3780.6749336052594	99.02724876207807
3835.6661168044484	98.98315125864818
3891.45716518188	98.90704497271109
3948.059713044477	98.7852274607418
4005.4855639240527	98.60940669471049
4063.746693038744	98.38109708026731
4122.855249790247	98.11368970683839
4182.823560297375	97.83110364394668
4243.664129966465	97.56358536271962
4305.389646099183	97.34232209209452
4368.012980538242	97.19444473367649
4431.5471923516225	97.13924421143282
4496.00553055582	97.18579682910757
4561.401436878714	97.33196660930216
4627.748548562617	97.56473567894798
4695.060701208099	97.86174598814885
4763.351931659176	98.19374713491358
4832.63648093046	98.52745309842739
4902.928797176889	98.82825785713682
4974.243538706657	99.06238350764414
5046.595577037959	99.19826494075224
5120.000000000202	99.20721836585545
5194.472114880326	99.06365252014763
5270.027451614888	98.74528354546702
5346.6817660285715	98.23405690195496
5424.451043119808	97.51875770842403
5503.351500394186	96.60043438211875
5583.399591246343	95.50134231597151
5664.612008391055	94.27648507355045
5747.005687344222	93.02348102721048
5830.597809954497	91.88205428935457
5915.405807986278	91.01246887092962
6001.447366754812	90.54977350626373
6088.740428814181	90.55159626995662
6177.303197698925	90.97510323537739
6267.154141720092	91.70284816657225
6358.3119978165005	92.59689685548831
6450.795775462017	93.54517718083774
6544.624760629676	94.48207566466101
6639.818519813445	95.38669386994385
6736.396904108505	96.27032560362501
6834.380053350861	97.16265106918898
6933.788400317181	98.10098333751064
7034.642674985712	99.12276182716548
7136.963908859177	100.25952485282463
7240.773439350552	101.53052944624147
7346.092914232631	102.93533150996444
7452.944296152315	104.44628443341098
7561.349867210557	106.0033813656263
7671.332233608935	107.51449673674045
7782.914330363799	108.86335577924402
7896.119426088994	109.92538453202258
8010.971127848146	110.58861104419323
8127.49338607753	110.77439897549719
8245.710499580537	110.45249455779006
8365.647120594791	109.64691146122207
8487.328259932974	108.43194523743203
8610.77929219841	106.91929777373835
8736.025961076528	105.23827892989318
8863.094384703289	103.51304359369666
8992.011061111683	101.84316548905697
9122.802873757471	100.29338101420521
9255.497097125279	98.89419762325917
9390.121402416245	97.6503477203178
9526.7038633184	96.55199161738713
9665.272961860968	95.58450092705058
9805.857594353829	94.73493473042738
9948.487077413367	93.99529270191657
10093.19115407597	93.36359175189493
10240.000000000457	92.84385146633586
10388.944229760706	92.44561492665125
10540.05490322983	92.18319506975993
10693.363532057198	92.07477738380157
10848.902086239672	92.14169418766122
11006.703000788428	92.40818535581424
11166.799182492743	92.90142243335312
11329.224016782166	93.6503944109391
11494.0113746885	94.68101260803186
11661.195619909053	96.00469031836256
11830.811615972614	97.59982671017676
12002.894733509682	99.39018566010411
12177.48085762842	101.22967776927311
12354.606395397908	102.90698442513197
12534.308283440243	104.18003371027642
12716.62399563306	104.8360614176721
12901.591550924093	104.75311310525534
13089.249521259411	103.93157383247586
13279.637039626952	102.48332566764486
13472.793808217073	100.59190859937326
13668.760106701786	98.46144766432904
13867.576800634426	96.26790115410073
14069.285349971487	94.1274446992755
14273.927817718419	92.09232232621444
14481.54687870117	90.17034972292585
14692.18582846533	88.35360962593303
14905.888592304698	86.64367237857391
15122.699734421185	85.06832864229771
15342.664467217943	83.68964106578963
15565.828660727671	82.60294343573875
15792.238852178061	81.92295182734661
16021.942255696367	81.7517372921037
16254.986772155136	82.13021889439275
16491.42099916115	82.98914289734289
16731.294241189662	84.1259206416726
16974.65651986603	85.22907610840484
17221.558584396902	85.95370343694577
17472.051922153143	86.0269004344613
17726.188769406665	85.33599497934456
17984.022122223458	83.9407103830797
18245.605747515034	81.98150563440613
18510.99419425065	79.53314686733567
18780.242804832582	76.52643706828638
19053.40772663689	72.852546368795
19330.545923722028	68.6190949965817
19611.71518870775	64.29677530678217
19896.974154826825	60.43437988305412
20186.382308152035	57.08969817134869