20	96.1990340666344
20.290906698750476	96.2322979232868
20.586044732869844	96.26555851066608
20.885475648548283	96.29881022517034
21.189261887185914	96.33204466267667
21.49746679841394	96.36525061925447
21.810154653305165	96.39841409169775
22.12739065777668	96.4315182778829
22.449240966187475	96.46454357703897
22.77577269513385	96.49746759017407
23.107053937445478	96.53026512116334
23.44315377638505	96.5629081793893
23.784142300054445	96.59536598535071
24.130090616010463	96.62760498131111
24.481070866093134	96.65958884981853
24.837156241469714	96.6912785437368
25.1984209978975	96.72263233221513
25.56494047120865	96.7536058676942
25.936791093020236	96.78415227950435
26.3140504066728	96.81422229976242
26.69679708340074	96.84376442703439
27.08511093873791	96.87272513254932
27.47907294916184	96.90104911261382
27.878765268980047	96.92867958932234
28.284271247461966	96.9555586597698
28.695675446220072	96.98162769188141
29.11306365684382	97.0068277628246
29.536522918790062	97.03110013391864
29.966141537533712	97.05438675414213
30.402009102982383	97.0766307828709
30.844216508158908	97.09777712143475
31.29285596815558	97.11777294250432
31.74802103936409	97.13656820622136
32.20980663898519	97.15411615234866
32.67830906482211	97.17037375850023
33.153626015361866	97.18530215565339
33.63585661014871	97.19886699356628
34.125101410453844	97.21103875034318
34.62146244024586	97.2217929821045
35.12504320746613	97.231110510438
35.635948725613716	97.2389775469324
36.15428553564419	97.24538575554796
36.68016172818701	97.25033225479592
37.21368696608603	97.25381956265186
37.754972507267915	97.25585548780576
38.30413122794313	97.25645297127316
38.86127764614443	97.25562988258815
39.4265279456077	97.25340877480873
40.000000000000206	97.24981660243299
40.58181339750116	97.24488440609306
41.1720894657399	97.23864696760202
41.77095129709678	97.23114243861647
42.37852377437204	97.22241194587639
42.9949335968281	97.21249917572126
43.62030930661056	97.20144994037719
44.25478131555359	97.18931172837647
44.89848193237519	97.17613324141293
45.55154539026795	97.1619639199539
46.21410787489121	97.14685346002165
46.88630755277036	97.13085132372336
47.56828460010916	97.11400624636
48.260181232021196	97.09636574328738
48.962141732186545	97.07797562015429
49.674312482939705	97.05887949070075
50.39684199579528	97.03911830696951
51.129880942417586	97.01872990755146
51.873582186040764	96.99774859032642
52.628100813345895	96.97620471703343
53.393594166801776	96.95412435783427
54.17022187747612	96.9315289847311
54.95814589832399	96.908435223157
55.75753053796041	96.88485467117118
56.56854249492426	96.86079379536478
57.39135089244048	96.83625391173965
58.226127313687975	96.81123125842181
59.073045837580466	96.78571716512415
59.932283075067765	96.75969832184356
60.804018205965114	96.73315714646124
61.68843301631817	96.70607224780606
62.58571193631152	96.6784189774516
63.49604207872855	96.65017006018236
64.41961327797075	96.62129628988819
65.35661812964459	96.59176727484973
66.3072520307241	96.56155221415548
67.27171322029778	96.53062068546677
68.25020282090806	96.49894342358527
69.2429248804921	96.46649306929254
70.25008641493265	96.43324486868353
71.27189745122783	96.39917730463294
72.30857107128878	96.3642726440136
73.36032345637442	96.32851738672423
74.42737393217246	96.29190260538708
75.50994501453623	96.25442416765524
76.60826245588666	96.21608283635406
77.72255529228926	96.17688424609639
78.85305589121582	96.1368387584833
80.00000000000082	96.09596120145034
81.16362679500274	96.05427050166249
82.34417893148023	96.0117892220105
83.541902594194	95.96854301912903
84.75704754874454	95.92456003834475
85.98986719365665	95.87987026547924
87.24061861322157	95.83450485638168
88.50956263110764	95.78849546585921
89.79696386475084	95.74187359771562
91.10309078053635	95.6946699968349
92.42821574978288	95.64691410260998
93.77261510554118	95.59863358051952
95.13656920021877	95.54985394535193
96.52036246404286	95.50059828557848
97.92428346437356	95.4508870938552
99.34862496587989	95.4007382038059
100.79368399159105	95.35016682835088
102.25976188483567	95.29918569016594
103.74716437208203	95.24780523064985
105.25620162669229	95.1960338802884
106.78718833360406	95.14387837073903
108.34044375495276	95.09134406746809
109.9162917966485	95.03843530143708
111.51506107592134	94.98515567917569
113.13708498984903	94.93150835254384
114.78270178488147	94.87749623247846
116.45225462737648	94.82312213489703
118.14609167516147	94.76838885152723
119.86456615013608	94.71329914356615
121.60803641193078	94.6578556615421
123.3768660326369	94.60206080033286
125.17142387262359	94.54591650372323
126.99208415745765	94.48942403783619
128.83922655594208	94.4325837568518
130.71323625928977	94.37539488725858
132.61450406144883	94.317855358178
134.5434264405962	94.25996170488261
136.50040564181674	94.20170907043136
138.48584976098482	94.14309132640159
140.50017282986593	94.08410132814143
142.5437949024563	94.0247313130187
144.61714214257822	93.96497344211211
146.7206469127495	93.9048204770476
148.8547478643456	93.84426657464843
151.01989002907314	93.78330817318563
153.216524911774	93.72194493574976
155.4451105845792	93.66018070908035
157.70611178243232	93.59802445053475
160.00000000000236	93.5354910721612
162.3272535900062	93.47260214941154
164.6883578629612	93.40938644314748
167.08380518838874	93.34588018744502
169.51409509748981	93.28212710238051
171.97973438731407	93.21817810050091
174.4812372264439	93.15409066794669
177.01912526221608	93.08992791596934
179.5939277295025	93.02575731544452
182.20618156107355	92.96164914528323
184.85643149956664	92.89767470450266
187.54523021108326	92.83390435600865
190.27313840043846	92.7704054865274
193.04072492808663	92.70724048013994
195.84856692874806	92.64446481104557
198.69724993176072	92.582125363188
201.58736798318304	92.52025907923205
204.5195237696723	92.45889202863091
207.49432874416505	92.39803896445287
210.5124032533856	92.33770341234279
213.57437666720915	92.27787830439675
216.68088750990657	92.21854713837251
219.83258359329807	92.15968561137429
223.03012215184378	92.10126364960354
226.2741699796992	92.04324773403607
229.5654035697641	91.98560340721606
232.90450925475412	91.92829783916132
236.2921833503241	91.87130233036933
239.72913230027333	91.81459463635316
243.21607282386276	91.75816100998928
246.75373206527502	91.7019978740316
250.34284774524843	91.64611305509561
253.9841683149166	91.59052653079142
257.67845311188546	91.53527066207778
261.42647251858085	91.48038990225432
265.22900812289896	91.42593999169284
269.08685288119375	91.3719866632162
273.0008112836349	91.31860389704975
276.97169952197106	91.26587177675603
281.00034565973334	91.21387400887073
285.0875898049141	91.16269517941836
289.23428428515797	91.11241783035203
293.44129382550057	91.06311944830583
297.7094957286928	91.01486946674659
302.0397800581479	90.96772639031632
306.4330498235497	90.92173515625889
310.89022116916016	90.87692485142756
315.41222356486645	90.83330690331758
320.00000000000654	90.79087385854051
324.6545071800142	90.74959885074662
329.3767157259242	90.70943584088535
334.16761037677935	90.67032068492635
339.02819019498156	90.63217304756738
343.95946877463007	90.59489913592907
348.9624744528898	90.55839517699488
354.03825052443415	90.52255151020572
359.187855459007	90.48725711701888
364.4123631221491	90.45240436794018
369.71286299913527	90.41789373982736
375.0904604221685	90.38363824615986
380.54627680087896	90.34956733244147
386.08144985617537	90.31563001763331
391.6971338574982	90.28179710802347
397.3944998635236	90.2480623679837
403.1747359663683	90.21444259725698
409.0390475393468	90.1809766310258
414.9886574883323	90.14772334170655
421.0248065067734	90.11475877586751
427.1487533344206	90.08217260283078
433.3617750198154	90.05006408156943
439.6651671865984	90.0185377686191
446.06024430368984	89.98769919184818
452.54833995940066	89.95765070381245
459.13080713953053	89.92848770558221
465.8090185095106	89.90029539958734
472.58436670065066	89.87314619089432
479.45826460054917	89.84709781341213
486.432145647728	89.82219221383173
493.50746413055253	89.79845518438266
500.6856954904994	89.77589669800282
507.9683366298358	89.75451186797925
515.3569062237735	89.73428242966412
522.8529450371643	89.71517862504375
530.4580162458005	89.69716136179566
538.1737057623901	89.68018451677958
546.0016225672724	89.66419725932724
553.9433990439449	89.64914628178839
562.0006913194694	89.63497784285572
570.1751796098309	89.62163955206648
578.4685685703187	89.60908184990124
586.8825876510039	89.59725916499889
595.4189914573883	89.5861307559883
604.0795601162986	89.57566126819596
612.8660996471021	89.56582105300431
621.780442338323	89.5565863078436
630.8244471297356	89.54793909558076
640.0000000000159	89.53986729139932
649.3090143600314	89.53236448161547
658.7534314518515	89.52542980176375
668.3352207535618	89.51906765160392
678.0563803899662	89.51328716476746
687.9189375492632	89.50810124436794
697.9249489057827	89.50352490837399
708.0765010488715	89.49957262691535
718.3757109180171	89.49625428742802
728.8247262443015	89.49356940545485
739.425725998274	89.49149922540738
750.1809208443404	89.48999644598904
761.0925536017613	89.48897248026707
772.1628997123541	89.48828244182634
783.3942677149998	89.48770845578782
794.7889997270506	89.48694244204592
806.34947193274	89.48557021435298
818.0780950786972	89.4830595743803
829.9773149766683	89.47875602205339
842.0496130135506	89.47189068257003
854.2975066688449	89.4616059426846
866.7235500396347	89.44700489629425
879.3303343732008	89.42723073094983
892.1204886073838	89.40158124372887
905.0966799188055	89.3696612487198
918.2616142790653	89.33157113902574
931.6180370190256	89.28812270670396
945.1687334013056	89.24106310591911
958.9165292011028	89.19327470522776
972.8642912954606	89.14890377750658
987.0149282611097	89.11335780338113
1001.3713909810035	89.09310599733705
1015.9366732596762	89.09523053747185
1030.7138124475518	89.12671865166827
1045.7058900743334	89.19356402991762
1060.916032491606	89.29984530418876
1076.3474115247852	89.4470225487769
1092.0032451345498	89.63367662831969
1107.8867980878947	89.85578639193197
1124.0013826389438	90.1074541986153
1140.350359219667	90.38185604235338
1156.9371371406426	90.67216927947838
1173.765175302013	90.97229847901887
1190.837982914782	91.27731898149696
1208.1591202326028	91.58364170903523
1225.73219929421	91.88895391499094
1243.5608846766518	92.19201107540755
1261.648894259477	92.49235441190746
1280.0000000000375	92.79001595177112
1298.6180287200684	93.08525548820872
1317.5068629037087	93.37835572503414
1336.6704415071292	93.66948584212453
1356.112760779938	93.9586310312156
1375.8378750985323	94.2455767465417
1395.8498978115715	94.52993146410374
1416.153002097749	94.81117023678088
1436.7514218360407	95.08868261096376
1457.6494524886093	95.36181175374853
1478.8514519965543	95.62987614309576
1500.3618416886875	95.89217019812386
1522.1851072035295	96.14794520287353
1544.3257994247153	96.396376352902
1566.788535430007	96.6365253555242
1589.5779994541087	96.8673103955039
1612.6989438654878	97.08749608486792
1636.156190157402	97.29571489257096
1659.9546299533442	97.49052822181434
1684.099226027109	97.67052971738252
1708.5950133376978	97.83448587558047
1733.4471000792773	97.98150045664516
1758.6606687464096	98.11118101525678
1784.2409772147755	98.22378001300716
1810.193359837619	98.32028156474763
1836.5232285581387	98.40240958764434
1863.2360740380593	98.4725444917144
1890.3374668026197	98.53355225135616
1917.833058402214	98.58854829936296
1945.7285825909298	98.64063416316971
1974.0298565222283	98.69265188575396
2002.7427819620161	98.74699650535234
2031.8733465193618	98.80551002194112
2061.4276248951132	98.86945514375944
2091.411780148677	98.93954071934016
2121.832064983222	99.01595153557375
2152.694823049581	99.09833050050086
2184.0064902691106	99.1856752371656
2215.7735961758003	99.27614296398912
2248.002765277899	99.36680088943388
2280.7007184393456	99.4534031478835
2313.874274281297	99.53030591482066
2347.530350604038	99.59063664948202
2381.6759658295764	99.6268023937475
2416.318240465218	99.63135404412611
2451.4643985884327	99.59812668252313
2487.1217693533167	99.52346958697122
2523.2977885189675	99.40729263433914
2560.0000000000887	99.25362293758462
2597.236057440151	99.07041658190381
2635.0137258074315	98.86851579067235
2673.340883014273	98.65985875926799
2712.225521559891	98.45527767788614
2751.6757501970797	98.26238008534538
2791.699795623158	98.08403520869803
2832.3060041955137	97.91786462158989
2873.502843672097	97.75690392566582
2915.2989049772345	97.59132751811003
2957.7029039931244	97.41087843960257
3000.723683377391	97.20746892149957
3044.370214407075	96.9773481676036
3088.6515988494466	96.72229652218212
3133.57707086003	96.4495106724239
3179.1559989082334	96.17017181289101
3225.3978877309914	95.89706354808634
3272.3123803148205	95.64190569103228
3319.9092599067053	95.41316790407015
3368.198452054235	95.21496164884354
3417.190026675413	95.04722654984855
3466.8942001585724	94.9069724423453
3517.3213374928373	94.78999633318807
3568.4819544295697	94.69240736341122
3620.386719675257	94.61148769708174
3673.0464571162966	94.54577981162693
3726.472148076138	94.4946314756749
3780.6749336052594	94.4575932707835
3835.6661168044484	94.43400837071749
3891.45716518188	94.4229325674047
3948.059713044477	94.42330029913221
4005.4855639240527	94.43412313612549
4063.746693038744	94.45452444872814
4122.855249790247	94.48354352652306
4182.823560297375	94.51976873819423
4243.664129966465	94.5608694661097
4305.389646099183	94.60300710348181
4368.012980538242	94.64007084586008
4431.5471923516225	94.66283311667233
4496.00553055582	94.65839977443648
4561.401436878714	94.61052045290141
4627.748548562617	94.50119517111669
4695.060701208099	94.31350555741189
4763.351931659176	94.0349030808197
4832.63648093046	93.65967341744897
4902.928797176889	93.18933212021334
4974.243538706657	92.63043604408271
5046.595577037959	91.99049106523222
5120.000000000202	91.27375318347488
5194.472114880326	90.47918430323722
5270.027451614888	89.60239131106157
5346.6817660285715	88.64224952829633
5424.451043119808	87.61141006495167
5503.351500394186	86.54797674961031
5583.399591246343	85.52317068475033
5664.612008391055	84.63765122308605
5747.005687344222	84.00010173921662
5830.597809954497	83.68954822418456
5915.405807986278	83.7174614553336
6001.447366754812	84.01508908404173
6088.740428814181	84.45919527443095
6177.303197698925	84.9222359649221
6267.154141720092	85.31898488389764
6358.3119978165005	85.62968370471093
6450.795775462017	85.89567375615859
6544.624760629676	86.19542696698105
6639.818519813445	86.61456797912182
6736.396904108505	87.22312271003132
6834.380053350861	88.06711098912125
6933.788400317181	89.17244760243013
7034.642674985712	90.55248346351337
7136.963908859177	92.2101493037126
7240.773439350552	94.13007818636493
7346.092914232631	96.26274735608013
7452.944296152315	98.51045787243856
7561.349867210557	100.7267491018323
7671.332233608935	102.73094059033525
7782.914330363799	104.33092349486763
7896.119426088994	105.35303954947506
8010.971127848146	105.68426200998246
8127.49338607753	105.31510011188985
8245.710499580537	104.34618968494766
8365.647120594791	102.94159762871033
8487.328259932974	101.2676986046216
8610.77929219841	99.46518555342207
8736.025961076528	97.65762481094136
8863.094384703289	95.96612597260966
8992.011061111683	94.50385986191183
9122.802873757471	93.3498516248655
9255.497097125279	92.52293951178326
9390.121402416245	91.97820801656184
9526.7038633184	91.630741908908
9665.272961860968	91.39194878399577
9805.857594353829	91.19872127647055
9948.487077413367	91.024922553638
10093.19115407597	90.87511061475556
10240.000000000457	90.76602778508725
10388.944229760706	90.70678993720732
10540.05490322983	90.6932920209486
10693.363532057198	90.72502351409754
10848.902086239672	90.83230157014276
11006.703000788428	91.08917504160613
11166.799182492743	91.59719363989943
11329.224016782166	92.44280942181204
11494.0113746885	93.63161829888189
11661.195619909053	94.99889282257547
11830.811615972614	96.14795186673079
12002.894733509682	96.57912433479318
12177.48085762842	96.08268054931075
12354.606395397908	94.97084589416919
12534.308283440243	93.75630238076057
12716.62399563306	92.76287721944351
12901.591550924093	92.059704810149
13089.249521259411	91.5809905095318
13279.637039626952	91.23166885495219
13472.793808217073	90.93085827413678
13668.760106701786	90.62273421762457
13867.576800634426	90.27960647973146
14069.285349971487	89.90142004865278
14273.927817718419	89.5097064777444
14481.54687870117	89.13810130639283
14692.18582846533	88.82603168394158
14905.888592304698	88.62058785104334
15122.699734421185	88.5820248067251
15342.664467217943	88.7761621031152
15565.828660727671	89.23229824365384
15792.238852178061	89.86444949714982
16021.942255696367	90.40562783591919
16254.986772155136	90.44768349989015
16491.42099916115	89.62680271024435
16731.294241189662	87.84170785994212
16974.65651986603	85.30854222239441
17221.558584396902	82.40051295972404
17472.051922153143	79.44325240725428
17726.188769406665	76.65289556353113
17984.022122223458	74.20765452954609
18245.605747515034	72.27299544099058
18510.99419425065	70.8413251905236
18780.242804832582	69.5151350082192
19053.40772663689	67.62449806252418
19330.545923722028	64.84700477439631
19611.71518870775	61.70479019384711
19896.974154826825	59.07099244375537
20186.382308152035	57.11523663453807