20	103.47325317692204
20.290906698750476	103.48315597949883
20.586044732869844	103.4930647576113
20.885475648548283	103.50298889320679
21.189261887185914	103.51294107683447
21.49746679841394	103.52293634138447
21.810154653305165	103.53299111095791
22.12739065777668	103.5431222729043
22.449240966187475	103.55334628205013
22.77577269513385	103.56367830673098
23.107053937445478	103.57413142646043
23.44315377638505	103.58471589095075
23.784142300054445	103.59543844976582
24.130090616010463	103.60630176117026
24.481070866093134	103.61730388776824
24.837156241469714	103.62843788534421
25.1984209978975	103.63969148996262
25.56494047120865	103.6510469068995
25.936791093020236	103.66248070339795
26.3140504066728	103.67396380559319
26.69679708340074	103.68546159826903
27.08511093873791	103.69693412441092
27.47907294916184	103.70833637984562
27.878765268980047	103.7196186966363
28.284271247461966	103.7307272073783
28.695675446220072	103.74160438114885
29.11306365684382	103.75218962064353
29.536522918790062	103.7624199090077
29.966141537533712	103.77223049407189
30.402009102982383	103.78155559714625
30.844216508158908	103.79032913323778
31.29285596815558	103.79848542953671
31.74802103936409	103.80595992928087
32.20980663898519	103.81268986864524
32.67830906482211	103.8186149151067
33.153626015361866	103.82367775678304
33.63585661014871	103.82782463351057
34.125101410453844	103.8310058018719
34.62146244024586	103.83317592797015
35.12504320746613	103.83429440341463
35.635948725613716	103.83432558168464
36.15428553564419	103.83323893370802
36.68016172818701	103.83100912308274
37.21368696608603	103.82761600282846
37.754972507267915	103.82304453685202
38.30413122794313	103.81728465041881
38.86127764614443	103.81033101483669
39.4265279456077	103.80218277227739
40.000000000000206	103.79284320719273
40.58181339750116	103.78231937114303
41.1720894657399	103.77062166806095
41.77095129709678	103.75776340704716
42.37852377437204	103.74376032975923
42.9949335968281	103.72863011933929
43.62030930661056	103.71239189765203
44.25478131555359	103.69506571739515
44.89848193237519	103.67667205541207
45.55154539026795	103.65723131329258
46.21410787489121	103.6367633310965
46.88630755277036	103.61528691977703
47.56828460010916	103.59281941761283
48.260181232021196	103.56937627566684
48.962141732186545	103.54497067696782
49.674312482939705	103.5196131937436
50.39684199579528	103.4933114866146
51.129880942417586	103.46607004918683
51.873582186040764	103.43789000096767
52.628100813345895	103.40876893099073
53.393594166801776	103.37870079400176
54.17022187747612	103.34767586055393
54.95814589832399	103.31568072191244
55.75753053796041	103.28269835028115
56.56854249492426	103.2487082145297
57.39135089244048	103.21368645128562
58.226127313687975	103.17760609092046
59.073045837580466	103.14043733755216
59.932283075067765	103.10214790164977
60.804018205965114	103.06270338311862
61.68843301631817	103.0220677018191
62.58571193631152	102.98020357133164
63.49604207872855	102.93707301044252
64.41961327797075	102.89263788536296
65.35661812964459	102.84686047420185
66.3072520307241	102.79970404380708
67.27171322029778	102.75113342789484
68.25020282090806	102.70111559451826
69.2429248804921	102.6496201904871
70.25008641493265	102.59662005040295
71.27189745122783	102.54209165855178
72.30857107128878	102.48601555298184
73.36032345637442	102.4283766626416
74.42737393217246	102.36916457038309
75.50994501453623	102.30837369686294
76.60826245588666	102.24600340281043
77.72255529228926	102.18205800970028
78.85305589121582	102.11654674149842
80.00000000000082	102.04948359277634
81.16362679500274	101.98088713104171
82.34417893148023	101.9107802435285
83.541902594194	101.8391898408341
84.75704754874454	101.76614653157436
85.98986719365665	101.69168428355337
87.24061861322157	101.61584008772178
88.50956263110764	101.5386536413555
89.79696386475084	101.46016706636843
91.10309078053635	101.3804246774453
92.42821574978288	101.2994728127388
93.77261510554118	101.21735973724678
95.13656920021877	101.13413562573297
96.52036246404286	101.04985262827617
97.92428346437356	100.96456501738021
99.34862496587989	100.87832941122898
100.79368399159105	100.79120506333787
102.25976188483567	100.70325420474198
103.74716437208203	100.61454242118955
105.25620162669229	100.52513904478757
106.78718833360406	100.43511753738247
108.34044375495276	100.344555841817
109.9162917966485	100.25353667719934
111.51506107592134	100.16214775549201
113.13708498984903	100.07048189904341
114.78270178488147	99.97863704204002
116.45225462737648	99.88671610310996
118.14609167516147	99.79482672129623
119.86456615013608	99.70308085317278
121.60803641193078	99.61159423481585
123.3768660326369	99.52048571845111
125.17142387262359	99.42987649961401
126.99208415745765	99.33988925628655
128.83922655594208	99.2506472263864
130.71323625928977	99.16227325387432
132.61450406144883	99.0748888363468
134.5434264405962	98.98861320809073
136.50040564181674	98.90356249208047
138.48584976098482	98.81984895226282
140.50017282986593	98.73758037375698
142.5437949024563	98.65685959344283
144.61714214257822	98.57778419704697
146.7206469127495	98.50044639157397
148.8547478643456	98.42493305412509
151.01989002907314	98.3513259501746
153.216524911774	98.27970210659535
155.4451105845792	98.2101343174628
157.70611178243232	98.14269175420029
160.00000000000236	98.07744064618882
162.3272535900062	98.01444499374863
164.6883578629612	97.95376727255264
167.08380518838874	97.89546908714559
169.51409509748981	97.83961173133792
171.97973438731407	97.7862566147992
174.4812372264439	97.7354655181394
177.01912526221608	97.68730064308757
179.5939277295025	97.64182443001845
182.20618156107355	97.59909912201596
184.85643149956664	97.55918606287278
187.54523021108326	97.52214472585726
190.27313840043846	97.48803148061684
193.04072492808663	97.4568981170314
195.84856692874806	97.42879015687814
198.69724993176072	97.4037449964236
201.58736798318304	97.38178993500293
204.5195237696723	97.36294015566557
207.49432874416505	97.34719673336888
210.5124032533856	97.33454475326914
213.57437666720915	97.3249516256861
216.68088750990657	97.31836568466653
219.83258359329807	97.31471515323906
223.03012215184378	97.31390755010031
226.2741699796992	97.31582959945055
229.5654035697641	97.32034768805528
232.90450925475412	97.32730889163646
236.2921833503241	97.33654256700504
239.72913230027333	97.34786247796835
243.21607282386276	97.3610693935081
246.75373206527502	97.37595406804319
250.34284774524843	97.39230048815156
253.9841683149166	97.40988925043487
257.67845311188546	97.42850092356002
261.42647251858085	97.44791924562932
265.22900812289896	97.46793401671314
269.08685288119375	97.48834356530425
273.0008112836349	97.50895669520447
276.97169952197106	97.52959405366123
281.00034565973334	97.55008889961556
285.0875898049141	97.57028728965432
289.23428428515797	97.5900477357064
293.44129382550057	97.60924042005541
297.7094957286928	97.62774607771753
302.0397800581479	97.64545467206646
306.4330498235497	97.66226399583938
310.89022116916016	97.67807832614297
315.41222356486645	97.69280724941171
320.00000000000654	97.70636475182852
324.6545071800142	97.71866864446898
329.3767157259242	97.72964036274679
334.16761037677935	97.73920514913043
339.02819019498156	97.74729259894514
343.95946877463007	97.75383752327329
348.9624744528898	97.7587810617515
354.03825052443415	97.76207196199717
359.187855459007	97.76366793159946
364.4123631221491	97.76353696302913
369.71286299913527	97.76165853136594
375.0904604221685	97.75802456932749
380.54627680087896	97.75264013353727
386.08144985617537	97.74552368993689
391.6971338574982	97.73670696408321
397.3944998635236	97.72623432286021
403.1747359663683	97.71416167675683
409.0390475393468	97.70055491510477
414.9886574883323	97.685487909343
421.0248065067734	97.66904014036938
427.1487533344206	97.65129402441916
433.3617750198154	97.63233202694767
439.6651671865984	97.61223366514733
446.06024430368984	97.59107250661563
452.54833995940066	97.56891327410963
459.13080713953053	97.54580916429198
465.8090185095106	97.52179948213664
472.58436670065066	97.49690768275825
479.45826460054917	97.47113989973275
486.432145647728	97.44448402450608
493.50746413055253	97.41690938610269
500.6856954904994	97.38836706447172
507.9683366298358	97.35879085437028
515.3569062237735	97.32809887924711
522.8529450371643	97.29619583564873
530.4580162458005	97.26297582800974
538.1737057623901	97.2283257316723
546.0016225672724	97.19212899943514
553.9433990439449	97.15426980479837
562.0006913194694	97.11463739426749
570.1751796098309	97.07313050242735
578.4685685703187	97.02966166758162
586.8825876510039	96.98416127306204
595.4189914573883	96.93658113070421
604.0795601162986	96.88689741986344
612.8660996471021	96.83511279950716
621.780442338323	96.78125752443144
630.8244471297356	96.72538942117131
640.0000000000159	96.66759261496259
649.3090143600314	96.60797494410981
658.7534314518515	96.54666404761645
668.3352207535618	96.48380215860169
678.0563803899662	96.41953967033304
687.9189375492632	96.35402755387148
697.9249489057827	96.28740868925036
708.0765010488715	96.21980812394695
718.3757109180171	96.15132219862151
728.8247262443015	96.08200639589764
739.425725998274	96.01186170060164
750.1809208443404	95.94081924878148
761.0925536017613	95.86872313607797
772.1628997123541	95.7953115040938
783.3942677149998	95.7201964726897
794.7889997270506	95.64284417394464
806.34947193274	95.56255709208705
818.0780950786972	95.47846212062603
829.9773149766683	95.38950917243463
842.0496130135506	95.2944867233566
854.2975066688449	95.19206215688804
866.7235500396347	95.0808559173373
879.3303343732008	94.95955883932257
892.1204886073838	94.82710100112004
905.0966799188055	94.6828772659453
918.2616142790653	94.52702838812408
931.6180370190256	94.36076616927436
945.1687334013056	94.18671583082799
958.9165292011028	94.00922836723606
972.8642912954606	93.83459156345953
987.0149282611097	93.67104503940095
1001.3713909810035	93.52849163396264
1015.9366732596762	93.41781102168405
1030.7138124475518	93.34974337937547
1045.7058900743334	93.33343704025684
1060.916032491606	93.37492752271726
1076.3474115247852	93.47595693417907
1092.0032451345498	93.63352993409146
1107.8867980878947	93.84037685639694
1124.0013826389438	94.0861648173182
1140.350359219667	94.35906714706206
1156.9371371406426	94.64727805531408
1173.765175302013	94.94019013666563
1190.837982914782	95.22912228330252
1208.1591202326028	95.50761729019047
1225.73219929421	95.77140062042163
1243.5608846766518	96.0181149149737
1261.648894259477	96.24693751669031
1280.0000000000375	96.45816633920568
1298.6180287200684	96.65283330135054
1317.5068629037087	96.83238015869604
1336.6704415071292	96.99841166798542
1356.112760779938	97.15252646587876
1375.8378750985323	97.29621659613535
1395.8498978115715	97.4308215354837
1416.153002097749	97.55752092433141
1436.7514218360407	97.67735104077302
1457.6494524886093	97.79123244665169
1478.8514519965543	97.89999939415428
1500.3618416886875	98.0044249001253
1522.1851072035295	98.10523844133155
1544.3257994247153	98.2031357090397
1566.788535430007	98.2987816029451
1589.5779994541087	98.39280857117895
1612.6989438654878	98.4858125913215
1636.156190157402	98.57834874218881
1659.9546299533442	98.67092767986522
1684.099226027109	98.76401364310904
1708.5950133376978	98.85802410173332
1733.4471000792773	98.95333096962347
1758.6606687464096	99.05026337372358
1784.2409772147755	99.14911204749974
1810.193359837619	99.25013524526841
1836.5232285581387	99.35356562142687
1863.2360740380593	99.45961703166907
1890.3374668026197	99.56849004197765
1917.833058402214	99.68037527647856
1945.7285825909298	99.79545452435674
1974.0298565222283	99.91390048521838
2002.7427819620161	100.03587681017706
2031.8733465193618	100.1615403992899
2061.4276248951132	100.29104765785262
2091.411780148677	100.42456568750164
2121.832064983222	100.56228831643796
2152.694823049581	100.70445561411357
2184.0064902691106	100.85137420724078
2215.7735961758003	101.00343437924708
2248.002765277899	101.16111869712354
2280.7007184393456	101.32499600265672
2313.874274281297	101.49569440728072
2347.530350604038	101.67384770849281
2381.6759658295764	101.86001148088991
2416.318240465218	102.05454814482428
2451.4643985884327	102.25748464304017
2487.1217693533167	102.46835163767622
2523.2977885189675	102.68601872978626
2560.0000000000887	102.90854515788676
2597.236057440151	103.13306880249488
2635.0137258074315	103.35575742172801
2673.340883014273	103.5718441485432
2712.225521559891	103.77576359291767
2751.6757501970797	103.96139502538227
2791.699795623158	104.12240497658283
2832.3060041955137	104.25266328147431
2873.502843672097	104.34668603070561
2915.2989049772345	104.4000413784092
2957.7029039931244	104.40964700738178
3000.723683377391	104.37389662912504
3044.370214407075	104.29257688738682
3088.6515988494466	104.1665685596451
3133.57707086003	103.99735692259114
3179.1559989082334	103.78639807502627
3225.3978877309914	103.53440007240161
3272.3123803148205	103.24058567282601
3319.9092599067053	102.90201605421437
3368.198452054235	102.51308097825375
3417.190026675413	102.06530884250952
3466.8942001585724	101.54772370684046
3517.3213374928373	100.94806425669205
3568.4819544295697	100.25524169036052
3620.386719675257	99.46337075523851
3673.0464571162966	98.57743865260953
3726.472148076138	97.62003285198307
3780.6749336052594	96.63743218188255
3835.6661168044484	95.7019022467197
3891.45716518188	94.90590129671583
3948.059713044477	94.34470387932804
4005.4855639240527	94.0889297998572
4063.746693038744	94.15757178168626
4122.855249790247	94.50786144246278
4182.823560297375	95.05000473746078
4243.664129966465	95.677451609887
4305.389646099183	96.29568672565942
4368.012980538242	96.83886354271685
4431.5471923516225	97.27321778829575
4496.00553055582	97.591565416407
4561.401436878714	97.804045720409
4627.748548562617	97.92887623685748
4695.060701208099	97.98507162923364
4763.351931659176	97.98770626644281
4832.63648093046	97.94555665367349
4902.928797176889	97.86070032857802
4974.243538706657	97.7295970840422
5046.595577037959	97.54505806982404
5120.000000000202	97.29818459040857
5194.472114880326	96.97901054119497
5270.027451614888	96.57480467623974
5346.6817660285715	96.06652326403567
5424.451043119808	95.4266468098049
5503.351500394186	94.62358518337989
5583.399591246343	93.63631946476625
5664.612008391055	92.4779158245003
5747.005687344222	91.22027868263636
5830.597809954497	90.00611514241155
5915.405807986278	89.02973067653998
6001.447366754812	88.47619081897741
6088.740428814181	88.4413061432436
6177.303197698925	88.89150457450013
6267.154141720092	89.69836201538578
6358.3119978165005	90.70959441947493
6450.795775462017	91.80015386797702
6544.624760629676	92.88668950304182
6639.818519813445	93.91991345555788
6736.396904108505	94.87241736767828
6834.380053350861	95.73002679701584
6933.788400317181	96.48716949342422
7034.642674985712	97.1444135346408
7136.963908859177	97.70697808939366
7240.773439350552	98.18395335529559
7346.092914232631	98.58806199623895
7452.944296152315	98.9352964206011
7561.349867210557	99.2434810563491
7671.332233608935	99.52924491440729
7782.914330363799	99.80388512739702
7896.119426088994	100.06960356867796
8010.971127848146	100.31800221967109
8127.49338607753	100.53204908388746
8245.710499580537	100.69106988325552
8365.647120594791	100.77659251360213
8487.328259932974	100.77628360191198
8610.77929219841	100.68442520313528
8736.025961076528	100.49961916714874
8863.094384703289	100.22190179545234
8992.011061111683	99.85122381140553
9122.802873757471	99.38794005118221
9255.497097125279	98.8348441324685
9390.121402416245	98.19978653891643
9526.7038633184	97.49771860986286
9665.272961860968	96.75103101934282
9805.857594353829	95.98756793851982
9948.487077413367	95.23679401780849
10093.19115407597	94.525576634857
10240.000000000457	93.87544001751519
10388.944229760706	93.30268035457169
10540.05490322983	92.82141271905319
10693.363532057198	92.44754226127999
10848.902086239672	92.19891735657417
11006.703000788428	92.08495338213348
11166.799182492743	92.08113708142676
11329.224016782166	92.09349066798497
11494.0113746885	91.93493947243654
11661.195619909053	91.35173705359803
11830.811615972614	90.13461469162276
12002.894733509682	88.30117463109836
12177.48085762842	86.24646580993219
12354.606395397908	84.70187034075414
12534.308283440243	84.42706033369399
12716.62399563306	85.77499344166544
12901.591550924093	88.42426525337851
13089.249521259411	91.48693751163218
13279.637039626952	93.9292587460837
13472.793808217073	95.04233713901786
13668.760106701786	94.72138892320605
13867.576800634426	93.47349187348675
14069.285349971487	92.19425399802209
14273.927817718419	91.76978331899635
14481.54687870117	92.5999675980262
14692.18582846533	94.3004047691436
14905.888592304698	95.89370566041238
15122.699734421185	96.44540628520087
15342.664467217943	95.63912935533394
15565.828660727671	93.84097766207448
15792.238852178061	91.72695312203408
16021.942255696367	89.91173941810004
16254.986772155136	88.84667607283906
16491.42099916115	88.78879351983707
16731.294241189662	89.42502384277732
16974.65651986603	89.21956703806248
17221.558584396902	85.57072533117682
17472.051922153143	76.91180332961478
17726.188769406665	65.29054105814132
17984.022122223458	55.42008303214561
18245.605747515034	50.23698238131893
18510.99419425065	49.01270177039092
18780.242804832582	49.40175558760678
19053.40772663689	49.65829359340825
19330.545923722028	49.15678633120492
19611.71518870775	48.1101315818714
19896.974154826825	47.08643722743998
20186.382308152035	46.31617018918009