20	102.56406799220514
20.290906698750476	102.55786634756477
20.586044732869844	102.55165640139238
20.885475648548283	102.54542450095079
21.189261887185914	102.53915109422672
21.49746679841394	102.53281137614172
21.810154653305165	102.52637592202255
22.12739065777668	102.51981130186223
22.449240966187475	102.5130806683678
22.77577269513385	102.50614431178431
23.107053937445478	102.49896017502242
23.44315377638505	102.49148432368615
23.784142300054445	102.48367136713118
24.130090616010463	102.4754748285727
24.481070866093134	102.4668474643529
24.837156241469714	102.45774153459877
25.1984209978975	102.44810902947971
25.56494047120865	102.43790185696108
25.936791093020236	102.42707199922833
26.3140504066728	102.41557164576226
26.69679708340074	102.40335331135664
27.08511093873791	102.39036994720907
27.47907294916184	102.37657505264022
27.878765268980047	102.36192279408243
28.284271247461966	102.34636813680895
28.695675446220072	102.32986699353269
29.11306365684382	102.31237639256122
29.536522918790062	102.29385466671467
29.966141537533712	102.27426166274977
30.402009102982383	102.25355896963579
30.844216508158908	102.23171016274082
31.29285596815558	102.20868105985551
31.74802103936409	102.18443998405097
32.20980663898519	102.15895802767267
32.67830906482211	102.13220931134288
33.153626015361866	102.10417123168659
33.63585661014871	102.07482469160249
34.125101410453844	102.04415430724512
34.62146244024586	102.01214858642885
35.12504320746613	101.97880007386648
35.635948725613716	101.94410545947406
36.15428553564419	101.90806564686184
36.68016172818701	101.87068578005515
37.21368696608603	101.8319752274059
37.754972507267915	101.79194752253609
38.30413122794313	101.75062026296511
38.86127764614443	101.708014967797
39.4265279456077	101.6641568964626
40.000000000000206	101.61907483102108
40.58181339750116	101.5728008249271
41.1720894657399	101.52536992146953
41.77095129709678	101.47681984529528
42.37852377437204	101.42719067055876
42.9949335968281	101.37652446929695
43.62030930661056	101.32486494363157
44.25478131555359	101.2722570453579
44.89848193237519	101.2187465864038
45.55154539026795	101.16437984354214
46.21410787489121	101.10920316062945
46.88630755277036	101.05326255153052
47.56828460010916	100.99660330679296
48.260181232021196	100.93926960707263
48.962141732186545	100.88130414629623
49.674312482939705	100.82274776760286
50.39684199579528	100.7636391152375
51.129880942417586	100.70401430578745
51.873582186040764	100.64390662245106
52.628100813345895	100.58334623639446
53.393594166801776	100.52235995966481
54.17022187747612	100.46097103454721
54.95814589832399	100.39919896463437
55.75753053796041	100.33705939316506
56.56854249492426	100.27456403431782
57.39135089244048	100.21172066305354
58.226127313687975	100.1485331687271
59.073045837580466	100.08500167697771
59.932283075067765	100.02112274332188
60.804018205965114	99.9568896203976
61.68843301631817	99.89229259895224
62.58571193631152	99.82731942047214
63.49604207872855	99.76195575689762
64.41961327797075	99.69618575025802
65.35661812964459	99.62999260243491
66.3072520307241	99.56335920276473
67.27171322029778	99.49626877897718
68.25020282090806	99.42870555517348
69.2429248804921	99.3606553992959
70.25008641493265	99.2921064419153
71.27189745122783	99.223049648225
72.30857107128878	99.15347932590035
73.36032345637442	99.08339355295692
74.42737393217246	99.01279451187403
75.50994501453623	98.94168871897736
76.60826245588666	98.87008714129844
77.72255529228926	98.79800519674052
78.85305589121582	98.72546263724908
80.00000000000082	98.65248331866721
81.16362679500274	98.57909486489811
82.34417893148023	98.50532823773935
83.541902594194	98.43121722713767
84.75704754874454	98.35679787949387
85.98986719365665	98.28210788388255
87.24061861322157	98.20718593752893
88.50956263110764	98.1320711125012
89.79696386475084	98.05680224527288
91.10309078053635	97.98141736956043
92.42821574978288	97.90595321067333
93.77261510554118	97.83044475659553
95.13656920021877	97.75492491726945
96.52036246404286	97.67942427923988
97.92428346437356	97.60397095814302
99.34862496587989	97.52859054673672
100.79368399159105	97.4533061515161
102.25976188483567	97.37813850670872
103.74716437208203	97.30310615084383
105.25620162669229	97.22822564835539
106.78718833360406	97.15351183698947
108.34044375495276	97.07897808124845
109.9162917966485	97.00463651276729
111.51506107592134	96.9304982403434
113.13708498984903	96.85657351523174
114.78270178488147	96.78287184109739
116.45225462737648	96.70940202246656
118.14609167516147	96.63617215036558
119.86456615013608	96.56318952879772
121.60803641193078	96.4904605504817
123.3768660326369	96.41799053457756
125.17142387262359	96.34578354268577
126.99208415745765	96.27384219200071
128.83922655594208	96.20216748594395
130.71323625928977	96.13075868277554
132.61450406144883	96.05961322152746
134.5434264405962	95.98872672213805
136.50040564181674	95.91809307299275
138.48584976098482	95.84770461436561
140.50017282986593	95.77755242076786
142.5437949024563	95.70762667926184
144.61714214257822	95.63791715475969
146.7206469127495	95.56841372759591
148.8547478643456	95.49910698363199
151.01989002907314	95.42998883318988
153.216524911774	95.3610531325204
155.4451105845792	95.29229628050754
157.70611178243232	95.2237177639943
160.00000000000236	95.15532062746846
162.3272535900062	95.08711184672524
164.6883578629612	95.0191025912707
167.08380518838874	94.95130836629778
169.51409509748981	94.88374903164974
171.97973438731407	94.81644870183067
174.4812372264439	94.74943553736985
177.01912526221608	94.6827414432303
179.5939277295025	94.61640169403906
182.20618156107355	94.55045450833236
184.85643149956664	94.4849405944769
187.54523021108326	94.41990268932156
190.27313840043846	94.35538510700673
193.04072492808663	94.29143330997509
195.84856692874806	94.22809350758435
198.69724993176072	94.16541228052718
201.58736798318304	94.10343622240748
204.5195237696723	94.04221158428192
207.49432874416505	93.98178390467444
210.5124032533856	93.92219760720629
213.57437666720915	93.86349555086511
216.68088750990657	93.80571852390202
219.83258359329807	93.74890468076072
223.03012215184378	93.69308893132161
226.2741699796992	93.63830230187892
229.5654035697641	93.58457129641558
232.90450925475412	93.53191729373688
236.2921833503241	93.48035601991074
239.72913230027333	93.4298971355717
243.21607282386276	93.38054397366382
246.75373206527502	93.33229345520593
250.34284774524843	93.28513619914783
253.9841683149166	93.23905682823545
257.67845311188546	93.19403445724379
261.42647251858085	93.15004333444739
265.22900812289896	93.10705359341416
269.08685288119375	93.06503206174867
273.0008112836349	93.0239430677128
276.97169952197106	92.9837491857334
281.00034565973334	92.94441186810447
285.0875898049141	92.9058919224582
289.23428428515797	92.86814981186377
293.44129382550057	92.83114577514974
297.7094957286928	92.7948397872118
302.0397800581479	92.75919140040664
306.4330498235497	92.72415952637564
310.89022116916016	92.68970223072306
315.41222356486645	92.65577661920697
320.00000000000654	92.62233889236728
324.6545071800142	92.58934463536603
329.3767157259242	92.5567493915844
334.16761037677935	92.52450954334807
339.02819019498156	92.49258349300196
343.95946877463007	92.46093310511691
348.9624744528898	92.42952533911252
354.03825052443415	92.39833397441586
359.187855459007	92.36734131057521
364.4123631221491	92.33653971487396
369.71286299913527	92.3059328911823
375.0904604221685	92.27553675599377
380.54627680087896	92.24537982957133
386.08144985617537	92.21550307969184
391.6971338574982	92.1859591899285
397.3944998635236	92.15681126086915
403.1747359663683	92.1281309883557
409.0390475393468	92.09999639522276
414.9886574883323	92.07248922002216
421.0248065067734	92.04569208628
427.1487533344206	92.01968558796337
433.3617750198154	91.99454543062888
439.6651671865984	91.9703397633029
446.06024430368984	91.94712682407565
452.54833995940066	91.92495300365832
459.13080713953053	91.90385140711993
465.8090185095106	91.8838409664154
472.58436670065066	91.86492612707724
479.45826460054917	91.84709710354053
486.432145647728	91.83033067077186
493.50746413055253	91.81459143658907
500.6856954904994	91.79983352027489
507.9683366298358	91.78600254938704
515.3569062237735	91.77303787833306
522.8529450371643	91.7608749293183
530.4580162458005	91.74944755840136
538.1737057623901	91.73869035598031
546.0016225672724	91.72854080124064
553.9433990439449	91.71894120300325
562.0006913194694	91.70984037418964
570.1751796098309	91.70119500314546
578.4685685703187	91.69297070196393
586.8825876510039	91.68514272944822
595.4189914573883	91.6776964040695
604.0795601162986	91.67062723960744
612.8660996471021	91.66394085224853
621.780442338323	91.65765270171791
630.8244471297356	91.65178773952583
640.0000000000159	91.64638004389597
649.3090143600314	91.64147252296677
658.7534314518515	91.63711676506807
668.3352207535618	91.63337310693986
678.0563803899662	91.63031097746872
687.9189375492632	91.62800955595402
697.9249489057827	91.6265587605569
708.0765010488715	91.62606055537745
718.3757109180171	91.62663053495349
728.8247262443015	91.62839971445446
739.425725998274	91.63151642364092
750.1809208443404	91.63614817330938
761.0925536017613	91.64248333444873
772.1628997123541	91.65073244266551
783.3942677149998	91.66112891381451
794.7889997270506	91.67392893169445
806.34947193274	91.6894102462772
818.0780950786972	91.70786960396967
829.9773149766683	91.72961852490285
842.0496130135506	91.75497715346138
854.2975066688449	91.78426594605357
866.7235500396347	91.81779503419094
879.3303343732008	91.85585122130027
892.1204886073838	91.89868274785806
905.0966799188055	91.94648219909833
918.2616142790653	91.99936823610014
931.6180370190256	92.05736720057232
945.1687334013056	92.12039606141678
958.9165292011028	92.18824860871267
972.8642912954606	92.2605872143218
987.0149282611097	92.33694280705807
1001.3713909810035	92.41672587397905
1015.9366732596762	92.49925119673661
1030.7138124475518	92.58377854342498
1045.7058900743334	92.66957053274281
1060.916032491606	92.75596724841168
1076.3474115247852	92.84247482847927
1092.0032451345498	92.92886219659775
1107.8867980878947	93.01525650714123
1124.0013826389438	93.10222414859462
1140.350359219667	93.19082101609825
1156.9371371406426	93.28259430972147
1173.765175302013	93.37951970796652
1190.837982914782	93.4838637658917
1208.1591202326028	93.59797255769986
1225.73219929421	93.72400324741278
1243.5608846766518	93.86363252683772
1261.648894259477	94.01778952132005
1280.0000000000375	94.18646474636316
1298.6180287200684	94.36863688149657
1317.5068629037087	94.5623363249846
1336.6704415071292	94.76483523855863
1356.112760779938	94.97292769752259
1375.8378750985323	95.1832486637934
1395.8498978115715	95.39257973613927
1416.153002097749	95.59810052701623
1436.7514218360407	95.79756152282805
1457.6494524886093	95.98937172376003
1478.8514519965543	96.17260830861863
1500.3618416886875	96.34696434465563
1522.1851072035295	96.51265425594698
1544.3257994247153	96.67029647711571
1566.788535430007	96.82078988186936
1589.5779994541087	96.96519650875172
1612.6989438654878	97.10463881138925
1636.156190157402	97.24021577610077
1659.9546299533442	97.37293910397239
1684.099226027109	97.50368834967564
1708.5950133376978	97.63318240678637
1733.4471000792773	97.76196391501236
1758.6606687464096	97.8903928903057
1784.2409772147755	98.01864599336228
1810.193359837619	98.14671822984579
1836.5232285581387	98.27442443196378
1863.2360740380593	98.4013985632987
1890.3374668026197	98.52708970783263
1917.833058402214	98.6507545557809
1945.7285825909298	98.77144728231183
1974.0298565222283	98.8880088994893
2002.7427819620161	98.99905937000507
2031.8733465193618	99.10299688430754
2061.4276248951132	99.19800958354028
2091.411780148677	99.28210554426096
2121.832064983222	99.35316696914273
2152.694823049581	99.40903423360942
2184.0064902691106	99.44762466148126
2215.7735961758003	99.46708941196592
2248.002765277899	99.46600912793588
2280.7007184393456	99.44362417271716
2313.874274281297	99.4000873779393
2347.530350604038	99.33671556864607
2381.6759658295764	99.25620116958437
2416.318240465218	99.16272951226759
2451.4643985884327	99.06193666045064
2487.1217693533167	98.96064522454213
2523.2977885189675	98.86634116463776
2560.0000000000887	98.78640821152206
2597.236057440151	98.72721208172202
2635.0137258074315	98.69320132305164
2673.340883014273	98.68622989267588
2712.225521559891	98.70527762858856
2751.6757501970797	98.74664599076533
2791.699795623158	98.80457348924288
2832.3060041955137	98.87210482065724
2873.502843672097	98.94200353150217
2915.2989049772345	99.00752702069825
2957.7029039931244	99.062958657575
3000.723683377391	99.10387672167796
3044.370214407075	99.127204319597
3088.6515988494466	99.13111591281353
3133.57707086003	99.11487676701562
3179.1559989082334	99.07867161554053
3225.3978877309914	99.02345006146217
3272.3123803148205	98.95078893470685
3319.9092599067053	98.86275322203626
3368.198452054235	98.76173142662884
3417.190026675413	98.6502291801613
3466.8942001585724	98.53062390281846
3517.3213374928373	98.40490687866654
3568.4819544295697	98.27445828107771
3620.386719675257	98.13990657980291
3673.0464571162966	98.00111148491902
3726.472148076138	97.85728128497117
3780.6749336052594	97.70720049256626
3835.6661168044484	97.54951488153476
3891.45716518188	97.38300838091376
3948.059713044477	97.20681291314098
4005.4855639240527	97.02051393635588
4063.746693038744	96.82414277629462
4122.855249790247	96.61807281297125
4182.823560297375	96.40285369654207
4243.664129966465	96.17902389515413
4305.389646099183	95.94693961634634
4368.012980538242	95.70665275548618
4431.5471923516225	95.45786581745965
4496.00553055582	95.19998665042809
4561.401436878714	94.93229474846761
4627.748548562617	94.65420833457127
4695.060701208099	94.36560815075046
4763.351931659176	94.06714047139106
4832.63648093046	93.76040568527748
4902.928797176889	93.4479552064093
4974.243538706657	93.13307082091326
5046.595577037959	92.81937017097084
5120.000000000202	92.51034005608203
5194.472114880326	92.20891967576645
5270.027451614888	91.9172326033899
5346.6817660285715	91.63651277404328
5424.451043119808	91.36720951193861
5503.351500394186	91.1092125809126
5583.399591246343	90.86212389281899
5664.612008391055	90.62551776133893
5747.005687344222	90.3991660191172
5830.597809954497	90.18324421336914
5915.405807986278	89.97856972861193
6001.447366754812	89.78694350164788
6088.740428814181	89.61166217174096
6177.303197698925	89.45822039313478
6267.154141720092	89.33511800013558
6358.3119978165005	89.25452730632207
6450.795775462017	89.23241634516013
6544.624760629676	89.28768761637689
6639.818519813445	89.4401247430276
6736.396904108505	89.70747060794109
6834.380053350861	90.10254511483062
6933.788400317181	90.63147543681909
7034.642674985712	91.29354610810796
7136.963908859177	92.0821438897688
7240.773439350552	92.98548296646028
7346.092914232631	93.98581388262538
7452.944296152315	95.05668850152816
7561.349867210557	96.15918744388767
7671.332233608935	97.23922069729842
7782.914330363799	98.22845622620508
7896.119426088994	99.0506369473577
8010.971127848146	99.63298719831057
8127.49338607753	99.91983081358455
8245.710499580537	99.88388454252501
8365.647120594791	99.53122035100324
8487.328259932974	98.8985164402303
8610.77929219841	98.0443297786471
8736.025961076528	97.03789765582508
8863.094384703289	95.9488377685501
8992.011061111683	94.83982965117077
9122.802873757471	93.76288218732708
9255.497097125279	92.7586331091799
9390.121402416245	91.85750492424604
9526.7038633184	91.08145218727047
9665.272961860968	90.44541083021285
9805.857594353829	89.95835993122675
9948.487077413367	89.62474086685307
10093.19115407597	89.44715217816035
10240.000000000457	89.43029676395557
10388.944229760706	89.58454050760706
10540.05490322983	89.92641644234928
10693.363532057198	90.47429172553987
10848.902086239672	91.24054997444868
11006.703000788428	92.22519101753483
11166.799182492743	93.4146307876968
11329.224016782166	94.77857893044845
11494.0113746885	96.24287622387885
11661.195619909053	97.6245269436043
11830.811615972614	98.58124010387887
12002.894733509682	98.71430698917672
12177.48085762842	97.866926568068
12354.606395397908	96.30196918101764
12534.308283440243	94.47924015636191
12716.62399563306	92.74014087813278
12901.591550924093	91.2119917912943
13089.249521259411	89.8817664661432
13279.637039626952	88.69181021561849
13472.793808217073	87.59402843413612
13668.760106701786	86.56658293762482
13867.576800634426	85.61261640637247
14069.285349971487	84.7532389990317
14273.927817718419	84.01874166705105
14481.54687870117	83.43851729510826
14692.18582846533	83.03075751302136
14905.888592304698	82.79396334754948
15122.699734421185	82.6992824221428
15342.664467217943	82.68064524330227
15565.828660727671	82.62744446728118
15792.238852178061	82.39767945260819
16021.942255696367	81.8632077355221
16254.986772155136	80.96632848129576
16491.42099916115	79.74464841474095
16731.294241189662	78.30402528593663
16974.65651986603	76.76849106311715
17221.558584396902	75.25127845305757
17472.051922153143	73.85604301181228
17726.188769406665	72.68228238477911
17984.022122223458	71.8042705989039
18245.605747515034	71.22487057207918
18510.99419425065	70.84011869777437
18780.242804832582	70.45086273679316
19053.40772663689	69.8516554005153
19330.545923722028	68.98281576502424
19611.71518870775	68.01553379519947
19896.974154826825	67.20143430218992
20186.382308152035	66.58643068566364
