20	62.480931749718025
20.290906698750476	62.52928764184311
20.586044732869844	62.57765538963784
20.885475648548283	62.62601968008087
21.189261887185914	62.67431349216075
21.49746679841394	62.72243138481094
21.810154653305165	62.77021542936999
22.12739065777668	62.81747046822045
22.449240966187475	62.863992093618464
22.77577269513385	62.909568770356515
23.107053937445478	62.95399584338834
23.44315377638505	62.997069146605526
23.784142300054445	63.038596318190955
24.130090616010463	63.07839767771938
24.481070866093134	63.116328438510045
24.837156241469714	63.152274656374196
25.1984209978975	63.186175577842675
25.56494047120865	63.218010089256
25.936791093020236	63.247781466377745
26.3140504066728	63.27554192333118
26.69679708340074	63.30138650494601
27.08511093873791	63.32543124077189
27.47907294916184	63.34779120960313
27.878765268980047	63.368560068231176
28.284271247461966	63.387790951616594
28.695675446220072	63.40547866981256
29.11306365684382	63.42155371462189
29.536522918790062	63.43591294184677
29.966141537533712	63.44844325964375
30.402009102982383	63.4590635214326
30.844216508158908	63.46774655635466
31.29285596815558	63.474561519276406
31.74802103936409	63.47968946535974
32.20980663898519	63.483407887619705
32.67830906482211	63.48603411402834
33.153626015361866	63.487901952779126
33.63585661014871	63.48934458887212
34.125101410453844	63.49063954642501
34.62146244024586	63.49198752349201
35.12504320746613	63.49350930894955
35.635948725613716	63.49524434419436
36.15428553564419	63.49714912884517
36.68016172818701	63.499095434042104
37.21368696608603	63.5008683604281
37.754972507267915	63.502164354120175
38.30413122794313	63.502600752480674
38.86127764614443	63.501763569598914
39.4265279456077	63.499232996883286
40.000000000000206	63.49458784560734
40.58181339750116	63.487407909176696
41.1720894657399	63.47727827360727
41.77095129709678	63.46379598274307
42.37852377437204	63.44659154705607
42.9949335968281	63.425405553227485
43.62030930661056	63.40018289970188
44.25478131555359	63.37110805059697
44.89848193237519	63.338564196880014
45.55154539026795	63.303073598993265
46.21410787489121	63.26523395973488
46.88630755277036	63.22565860874099
47.56828460010916	63.18492732432925
48.260181232021196	63.14358485400155
48.962141732186545	63.10212252294645
49.674312482939705	63.06097972199731
50.39684199579528	63.02051238383588
51.129880942417586	62.98095068381393
51.873582186040764	62.942409751207265
52.628100813345895	62.9049115365998
53.393594166801776	62.86836547274524
54.17022187747612	62.83257969353951
54.95814589832399	62.79729400382174
55.75753053796041	62.76221544052599
56.56854249492426	62.72705370942446
57.39135089244048	62.69155679156467
58.226127313687975	62.65554701691944
59.073045837580466	62.61894401725845
59.932283075067765	62.581729107434754
60.804018205965114	62.543895498260916
61.68843301631817	62.50544459145825
62.58571193631152	62.46636443928178
63.49604207872855	62.42662580288192
64.41961327797075	62.38615568822653
65.35661812964459	62.34484072257394
66.3072520307241	62.302507279534005
67.27171322029778	62.25893702433593
68.25020282090806	62.21389344873413
69.2429248804921	62.16710431125756
70.25008641493265	62.118284955151985
71.27189745122783	62.067187519857306
72.30857107128878	62.01365569376797
73.36032345637442	61.957682741285325
74.42737393217246	61.89945671920685
75.50994501453623	61.839341428326684
76.60826245588666	61.777833949421705
77.72255529228926	61.7155210198434
78.85305589121582	61.653034977103715
80.00000000000082	61.59100972649587
81.16362679500274	61.530039155501306
82.34417893148023	61.470630890807215
83.541902594194	61.41315991348243
84.75704754874454	61.357836085108936
85.98986719365665	61.304719356872205
87.24061861322157	61.25371276690226
88.50956263110764	61.20459382981933
89.79696386475084	61.15705525796429
91.10309078053635	61.11069228532068
92.42821574978288	61.06503106056105
93.77261510554118	61.01956660924362
95.13656920021877	60.973748157195544
96.52036246404286	60.92700369329782
97.92428346437356	60.878795459365165
99.34862496587989	60.828664050243894
100.79368399159105	60.776217718387215
102.25976188483567	60.72114559254466
103.74716437208203	60.66320478505267
105.25620162669229	60.60226339320586
106.78718833360406	60.538363130959894
108.34044375495276	60.4717202591743
109.9162917966485	60.40267321204108
111.51506107592134	60.3316163924141
113.13708498984903	60.258851054519084
114.78270178488147	60.18453915125788
116.45225462737648	60.1087351664427
118.14609167516147	60.03140334650837
119.86456615013608	59.952473078802115
121.60803641193078	59.871851770500285
123.3768660326369	59.789498058624204
125.17142387262359	59.70544069953556
126.99208415745765	59.61975873395798
128.83922655594208	59.53252167190761
130.71323625928977	59.44376813482744
132.61450406144883	59.35352016370319
134.5434264405962	59.261869845122646
136.50040564181674	59.16901029358578
138.48584976098482	59.07523264172514
140.50017282986593	58.980898236038314
142.5437949024563	58.88634092562895
144.61714214257822	58.79180678742952
146.7206469127495	58.697456066637244
148.8547478643456	58.60344417232106
151.01989002907314	58.50994789850431
153.216524911774	58.41714901178684
155.4451105845792	58.325219436458255
157.70611178243232	58.23433819839362
160.00000000000236	58.144682818411056
162.3272535900062	58.056392732542434
164.6883578629612	57.96953470292781
167.08380518838874	57.88410131907377
169.51409509748981	57.800010535918176
171.97973438731407	57.71718983293976
174.4812372264439	57.635596066625574
177.01912526221608	57.5551652488769
179.5939277295025	57.475783897314905
182.20618156107355	57.39723577293127
184.85643149956664	57.319201615490435
187.54523021108326	57.2413389648099
190.27313840043846	57.16327866547609
193.04072492808663	57.08462185132861
195.84856692874806	57.00505113497758
198.69724993176072	56.92446103976959
201.58736798318304	56.84293101216676
204.5195237696723	56.7605579691524
207.49432874416505	56.67737497725242
210.5124032533856	56.593343641593854
213.57437666720915	56.50844915144959
216.68088750990657	56.4227196796479
219.83258359329807	56.33619330811826
223.03012215184378	56.248876041328295
226.2741699796992	56.16070724147441
229.5654035697641	56.07158702541468
232.90450925475412	55.981483857320804
236.2921833503241	55.8904686183744
239.72913230027333	55.79871692687482
243.21607282386276	55.70648017635152
246.75373206527502	55.61404301415974
250.34284774524843	55.521710381942626
253.9841683149166	55.429775689392144
257.67845311188546	55.33851356094921
261.42647251858085	55.248129588981975
265.22900812289896	55.158584806496194
269.08685288119375	55.06971102604319
273.0008112836349	54.98141552437748
276.97169952197106	54.893741898168585
281.00034565973334	54.80685314399401
285.0875898049141	54.72099881035248
289.23428428515797	54.63647450024666
293.44129382550057	54.55357261235162
297.7094957286928	54.47252301410658
302.0397800581479	54.393422287411816
306.4330498235497	54.31620433155977
310.89022116916016	54.24077326521926
315.41222356486645	54.16701338056233
320.00000000000654	54.09477629002153
324.6545071800142	54.02398185177394
329.3767157259242	53.95460676444909
334.16761037677935	53.88662284692123
339.02819019498156	53.82005663195115
343.95946877463007	53.75476302240968
348.9624744528898	53.69027818550057
354.03825052443415	53.62593782714253
359.187855459007	53.561051202644705
364.4123631221491	53.494928104363694
369.71286299913527	53.427027579300166
375.0904604221685	53.357153391283624
380.54627680087896	53.28545141993647
386.08144985617537	53.21230311902963
391.6971338574982	53.138223389161716
397.3944998635236	53.06374102456246
403.1747359663683	52.9892876106575
409.0390475393468	52.91512472643849
414.9886574883323	52.84148871035717
421.0248065067734	52.7686488629869
427.1487533344206	52.69706384013736
433.3617750198154	52.62737048266007
439.6651671865984	52.56025729220447
446.06024430368984	52.49631555220062
452.54833995940066	52.43590068743171
459.13080713953053	52.379017224511536
465.8090185095106	52.325403509493675
472.58436670065066	52.274500740414425
479.45826460054917	52.225600180732144
486.432145647728	52.178023366510416
493.50746413055253	52.13108624858324
500.6856954904994	52.08420649578078
507.9683366298358	52.03706584912813
515.3569062237735	51.989555830599386
522.8529450371643	51.94182450934769
530.4580162458005	51.89412921303408
538.1737057623901	51.84661796067282
546.0016225672724	51.79936537749867
553.9433990439449	51.75230650358444
562.0006913194694	51.70535214503584
570.1751796098309	51.65856514444455
578.4685685703187	51.6120753665416
586.8825876510039	51.56614648980924
595.4189914573883	51.52109244734671
604.0795601162986	51.47731593868868
612.8660996471021	51.43519804778651
621.780442338323	51.39512312827632
630.8244471297356	51.35733172195875
640.0000000000159	51.3219283834552
649.3090143600314	51.288695031605585
658.7534314518515	51.25717590156707
668.3352207535618	51.22690790475908
678.0563803899662	51.19766282404914
687.9189375492632	51.16958011906904
697.9249489057827	51.14294683830762
708.0765010488715	51.1181021930526
718.3757109180171	51.09515948042413
728.8247262443015	51.073981282748335
739.425725998274	51.05434065032327
750.1809208443404	51.03610293522062
761.0925536017613	51.019400494184616
772.1628997123541	51.00467161973105
783.3942677149998	50.992273688757415
794.7889997270506	50.98237715284646
806.34947193274	50.97504932085378
818.0780950786972	50.97034476320606
829.9773149766683	50.968373126750166
842.0496130135506	50.96934225050772
854.2975066688449	50.97357380851016
866.7235500396347	50.98148752567659
879.3303343732008	50.993548560881976
892.1204886073838	51.010171254782264
905.0966799188055	51.0317348333791
918.2616142790653	51.059064043165066
931.6180370190256	51.09345850705487
945.1687334013056	51.13639001794842
958.9165292011028	51.18906769020408
972.8642912954606	51.252057610318374
987.0149282611097	51.32551875486972
1001.3713909810035	51.40980741159123
1015.9366732596762	51.506544962674184
1030.7138124475518	51.61901139841794
1045.7058900743334	51.75145529667498
1060.916032491606	51.90836210733089
1076.3474115247852	52.093059464583035
1092.0032451345498	52.30663697543461
1107.8867980878947	52.547852293752435
1124.0013826389438	52.81367311397176
1140.350359219667	53.099397869650176
1156.9371371406426	53.399698791556396
1173.765175302013	53.70903872228799
1190.837982914782	54.02115121787892
1208.1591202326028	54.33034173441673
1225.73219929421	54.63215404989409
1243.5608846766518	54.923380628950696
1261.648894259477	55.201984057477816
1280.0000000000375	55.466948703343185
1298.6180287200684	55.71759967420978
1317.5068629037087	55.95354274489669
1336.6704415071292	56.17435527793306
1356.112760779938	56.38000896778218
1375.8378750985323	56.57091932298541
1395.8498978115715	56.74779627975342
1416.153002097749	56.911840868741365
1436.7514218360407	57.06489451890216
1457.6494524886093	57.20879326790538
1478.8514519965543	57.345458899165415
1500.3618416886875	57.47662924294944
1522.1851072035295	57.604229457273824
1544.3257994247153	57.73007785011434
1566.788535430007	57.85542625012798
1589.5779994541087	57.981577679379534
1612.6989438654878	58.109579087336655
1636.156190157402	58.23963169514534
1659.9546299533442	58.371571046605624
1684.099226027109	58.504785776690376
1708.5950133376978	58.638623686858395
1733.4471000792773	58.77202570461711
1758.6606687464096	58.90368446477456
1784.2409772147755	59.03146321937355
1810.193359837619	59.152453768135786
1836.5232285581387	59.26272882951386
1863.2360740380593	59.35936215328254
1890.3374668026197	59.44041117172499
1917.833058402214	59.503987682010774
1945.7285825909298	59.54892431650246
1974.0298565222283	59.574489503557785
2002.7427819620161	59.58008320671887
2031.8733465193618	59.56683763354439
2061.4276248951132	59.53824086602618
2091.411780148677	59.500132977343895
2121.832064983222	59.460772909951245
2152.694823049581	59.430526378706304
2184.0064902691106	59.41988409195915
2215.7735961758003	59.43863328034037
2248.002765277899	59.494032544315644
2280.7007184393456	59.588966229385555
2313.874274281297	59.72132950441007
2347.530350604038	59.88498621644414
2381.6759658295764	60.07155632557387
2416.318240465218	60.27118085467288
2451.4643985884327	60.4750633351971
2487.1217693533167	60.676739827935606
2523.2977885189675	60.87248182577714
2560.0000000000887	61.0610837560462
2597.236057440151	61.24136730736685
2635.0137258074315	61.41189312037581
2673.340883014273	61.57162223432327
2712.225521559891	61.718529487059904
2751.6757501970797	61.849851190632485
2791.699795623158	61.960489599784886
2832.3060041955137	62.04124803286581
2873.502843672097	62.081091132563955
2915.2989049772345	62.07054349536327
2957.7029039931244	62.002240167394305
3000.723683377391	61.8727266407349
3044.370214407075	61.68210313301018
3088.6515988494466	61.43460736899252
3133.57707086003	61.13639922178193
3179.1559989082334	60.795254502378114
3225.3978877309914	60.42125738072505
3272.3123803148205	60.027228059234325
3319.9092599067053	59.62777799084398
3368.198452054235	59.233903757112834
3417.190026675413	58.851222263325305
3466.8942001585724	58.484120499453894
3517.3213374928373	58.13619253217781
3568.4819544295697	57.80881416888645
3620.386719675257	57.50290440752467
3673.0464571162966	57.217394049404774
3726.472148076138	56.950192707241364
3780.6749336052594	56.70038518669428
3835.6661168044484	56.46946273515966
3891.45716518188	56.261095303447796
3948.059713044477	56.079031752495695
4005.4855639240527	55.92436328699185
4063.746693038744	55.79766689409007
4122.855249790247	55.70173280620593
4182.823560297375	55.641967780596175
4243.664129966465	55.62370871909918
4305.389646099183	55.64791734685778
4368.012980538242	55.71203429467774
4431.5471923516225	55.811712500937865
4496.00553055582	55.939977726511216
4561.401436878714	56.08636662596719
4627.748548562617	56.242464484654136
4695.060701208099	56.402114954245775
4763.351931659176	56.55808333244827
4832.63648093046	56.69932019123564
4902.928797176889	56.80995456926788
4974.243538706657	56.87202053327758
5046.595577037959	56.87172544808085
5120.000000000202	56.80066213636032
5194.472114880326	56.651525077076904
5270.027451614888	56.41911973252336
5346.6817660285715	56.101190928340756
5424.451043119808	55.6982250924039
5503.351500394186	55.2189512068771
5583.399591246343	54.676227199067725
5664.612008391055	54.084981013835076
5747.005687344222	53.45761298323414
5830.597809954497	52.80304821279867
5915.405807986278	52.12896929788981
6001.447366754812	51.43513696976441
6088.740428814181	50.71626299511226
6177.303197698925	49.97025870559362
6267.154141720092	49.2054755771791
6358.3119978165005	48.445293875548835
6450.795775462017	47.731154901183736
6544.624760629676	47.13537546824237
6639.818519813445	46.76274173557102
6736.396904108505	46.71865563955938
6834.380053350861	47.0800533060017
6933.788400317181	47.89495156361211
7034.642674985712	49.17032029444344
7136.963908859177	50.86449638038654
7240.773439350552	52.854235347450235
7346.092914232631	54.921161831679846
7452.944296152315	56.7679599736947
7561.349867210557	58.127243751448034
7671.332233608935	58.89376256576289
7782.914330363799	59.17982238071859
7896.119426088994	59.23433760760703
8010.971127848146	59.30630353019997
8127.49338607753	59.54578518685655
8245.710499580537	59.98271782765749
8365.647120594791	60.559692044499336
8487.328259932974	61.1776079555245
8610.77929219841	61.73236589287084
8736.025961076528	62.13455218817214
8863.094384703289	62.30804251432194
8992.011061111683	62.20374835206405
9122.802873757471	61.8163020683534
9255.497097125279	61.17406871937251
9390.121402416245	60.32892355247103
9526.7038633184	59.33239530211172
9665.272961860968	58.226740322983524
9805.857594353829	57.03236398705295
9948.487077413367	55.811451893526325
10093.19115407597	54.724844553508134
10240.000000000457	53.8732330844886
10388.944229760706	53.25891906749735
10540.05490322983	52.83797766027867
10693.363532057198	52.57876146177189
10848.902086239672	52.49340346608336
11006.703000788428	52.64558576758694
11166.799182492743	53.10874776986018
11329.224016782166	53.93712995821497
11494.0113746885	55.11353940394212
11661.195619909053	56.45488912065961
11830.811615972614	57.55627067088795
12002.894733509682	57.92970557445522
12177.48085762842	57.333774975283205
12354.606395397908	55.95975321767166
12534.308283440243	54.21289353173011
12716.62399563306	52.403887200317726
12901.591550924093	50.658269987086925
13089.249521259411	49.00040157332549
13279.637039626952	47.41999058230258
13472.793808217073	45.92534408236565
13668.760106701786	44.5230318782183
13867.576800634426	43.203240210547825
14069.285349971487	41.9542678876154
14273.927817718419	40.7761223721167
14481.54687870117	39.67383865541127
14692.18582846533	38.63461237586665
14905.888592304698	37.65059667296877
15122.699734421185	36.71877103991188
15342.664467217943	35.83743581037861
15565.828660727671	35.105070341548085
15792.238852178061	34.54787473599143
16021.942255696367	34.19101429661372
16254.986772155136	34.07910124409642
16491.42099916115	34.229834698266174
16731.294241189662	34.63968880552358
16974.65651986603	35.246170765026754
17221.558584396902	35.94276896647507
17472.051922153143	36.63644387093168
17726.188769406665	37.206540928986044
17984.022122223458	37.47463972650559
18245.605747515034	37.25853436943619
18510.99419425065	36.408474803749336
18780.242804832582	34.985016749742385
19053.40772663689	33.268382130400056
19330.545923722028	31.73013950031691
19611.71518870775	30.767705995013884
19896.974154826825	30.251658182479964
20186.382308152035	29.978603877490947