20	89.78757824142149
20.290906698750476	89.76225640937274
20.586044732869844	89.73692727521555
20.885475648548283	89.71157910921663
21.189261887185914	89.6861955778368
21.49746679841394	89.66075661679092
21.810154653305165	89.635239277565
22.12739065777668	89.60961853445592
22.449240966187475	89.58386803860908
22.77577269513385	89.55796080586819
23.107053937445478	89.5318698263778
23.44315377638505	89.50556858563048
23.784142300054445	89.4790314888592
24.130090616010463	89.45223418317579
24.481070866093134	89.42515377450161
24.837156241469714	89.39776893900617
25.1984209978975	89.37005993137757
25.56494047120865	89.34200849474834
25.936791093020236	89.31359767946765
26.3140504066728	89.28481158015377
26.69679708340074	89.25563500258062
27.08511093873791	89.22605307394811
27.47907294916184	89.19605081193288
27.878765268980047	89.16561266955362
28.284271247461966	89.13472207422359
28.695675446220072	89.10336098028066
29.11306365684382	89.0715094546513
29.536522918790062	89.0391453149899
29.966141537533712	89.00624383854844
30.402009102982383	88.97277755813123
30.844216508158908	88.93871615880168
31.29285596815558	88.90402648562528
31.74802103936409	88.86867266879544
32.20980663898519	88.83261636817272
32.67830906482211	88.79581713475896
33.153626015361866	88.75823288210515
33.63585661014871	88.71982045628756
34.125101410453844	88.68053628903785
34.62146244024586	88.64033711502468
35.12504320746613	88.59918073129626
35.635948725613716	88.55702677463225
36.15428553564419	88.51383749113756
36.68016172818701	88.46957847194315
37.21368696608603	88.42421932944214
37.754972507267915	88.37773429013114
38.30413122794313	88.33010268285103
38.86127764614443	88.28130930497676
39.4265279456077	88.23134465376775
40.000000000000206	88.18020501545584
40.58181339750116	88.12789241044102
41.1720894657399	88.07441439884342
41.77095129709678	88.01978375625217
42.37852377437204	87.96401803445502
42.9949335968281	87.90713902592245
43.62030930661056	87.84917215363282
44.25478131555359	87.79014580935305
44.89848193237519	87.7300906637241
45.55154539026795	87.66903897053685
46.21410787489121	87.60702388559204
46.88630755277036	87.54407881774206
47.56828460010916	87.48023682637192
48.260181232021196	87.41553007595975
48.962141732186545	87.34998935472572
49.674312482939705	87.28364366096848
50.39684199579528	87.2165198577028
51.129880942417586	87.14864239380697
51.873582186040764	87.0800330881673
52.628100813345895	87.01071097232081
53.393594166801776	86.94069218683684
54.17022187747612	86.86998992709144
54.95814589832399	86.7986144350723
55.75753053796041	86.72657303528433
56.56854249492426	86.6538702145596
57.39135089244048	86.58050774745996
58.226127313687975	86.50648487085242
59.073045837580466	86.43179851299274
59.932283075067765	86.35644358394191
60.804018205965114	86.28041333524236
61.68843301631817	86.20369979737913
62.58571193631152	86.12629430354134
63.49604207872855	86.0481881074879
64.41961327797075	85.96937310182403
65.35661812964459	85.88984264065628
66.3072520307241	85.80959246737234
67.27171322029778	85.7286217441931
68.25020282090806	85.64693417520046
69.2429248804921	85.56453920884626
70.25008641493265	85.4814532996331
71.27189745122783	85.3977012019171
72.30857107128878	85.31331726186669
73.36032345637442	85.22834666681031
74.42737393217246	85.14284660486055
75.50994501453623	85.05688728218131
76.60826245588666	84.97055274096515
77.72255529228926	84.88394141851553
78.85305589121582	84.79716638718818
80.00000000000082	84.71035521672151
81.16362679500274	84.62364940502046
82.34417893148023	84.53720333103318
83.541902594194	84.45118269416585
84.75704754874454	84.3657624187964
85.98986719365665	84.28112401979882
87.24061861322157	84.19745244533331
88.50956263110764	84.11493243603681
89.79696386475084	84.03374446448242
91.10309078053635	83.95406034443751
92.42821574978288	83.87603862487734
93.77261510554118	83.79981990752192
95.13656920021877	83.72552224731699
96.52036246404286	83.65323681112896
97.92428346437356	83.58302397932827
99.34862496587989	83.51491007636852
100.79368399159105	83.44888490866116
102.25976188483567	83.38490027013034
103.74716437208203	83.32286954749969
105.25620162669229	83.2626685190008
106.78718833360406	83.20413739298438
108.34044375495276	83.14708407890228
109.9162917966485	83.09128862515706
111.51506107592134	83.03650869990959
113.13708498984903	82.98248593602668
114.78270178488147	82.92895291392054
116.45225462737648	82.87564051969707
118.14609167516147	82.82228539361779
119.86456615013608	82.76863717712597
121.60803641193078	82.71446527603065
123.3768660326369	82.6595648820357
125.17142387262359	82.60376203265345
126.99208415745765	82.5469175377793
128.83922655594208	82.48892965641588
130.71323625928977	82.42973546561281
132.61450406144883	82.36931092213077
134.5434264405962	82.30766967250817
136.50040564181674	82.24486071648275
138.48584976098482	82.18096507009696
140.50017282986593	82.11609160693605
142.5437949024563	82.05037227807742
144.61714214257822	81.98395692331303
146.7206469127495	81.91700788838557
148.8547478643456	81.84969465611131
151.01989002907314	81.78218868443007
153.216524911774	81.71465862293982
155.4451105845792	81.64726605280002
157.70611178243232	81.58016186455008
160.00000000000236	81.5134833559033
162.3272535900062	81.44735209838412
164.6883578629612	81.3818725890923
167.08380518838874	81.3171316730494
169.51409509748981	81.25319869346541
171.97973438731407	81.19012630260714
174.4812372264439	81.12795184530519
177.01912526221608	81.0666992108579
179.5939277295025	81.00638103737009
182.20618156107355	80.94700114543944
184.85643149956664	80.88855707550063
187.54523021108326	80.83104260489301
190.27313840043846	80.77445012661072
193.04072492808663	80.71877278145915
195.84856692874806	80.6640062486891
198.69724993176072	80.61015011678194
201.58736798318304	80.55720877554775
204.5195237696723	80.50519179263519
207.49432874416505	80.45411376141207
210.5124032533856	80.40399363231258
213.57437666720915	80.35485356538217
216.68088750990657	80.30671736695153
219.83258359329807	80.25960859705363
223.03012215184378	80.21354845514418
226.2741699796992	80.16855356856522
229.5654035697641	80.12463381964643
232.90450925475412	80.08179035205761
236.2921833503241	80.04001389389049
239.72913230027333	79.9992835231882
243.21607282386276	79.95956598100994
246.75373206527502	79.92081560806686
250.34284774524843	79.88297494477168
253.9841683149166	79.84597599334943
257.67845311188546	79.80974209740279
261.42647251858085	79.77419035251057
265.22900812289896	79.73923442475599
269.08685288119375	79.70478762594628
273.0008112836349	79.67076607733478
276.97169952197106	79.63709178938724
281.00034565973334	79.603695493666
285.0875898049141	79.57051908303013
289.23428428515797	79.5375175457334
293.44129382550057	79.50466031457466
297.7094957286928	79.47193199061988
302.0397800581479	79.43933243887129
306.4330498235497	79.4068762877366
310.89022116916016	79.37459189304084
315.41222356486645	79.34251984920424
320.00000000000654	79.31071114444383
324.6545071800142	79.27922506353094
329.3767157259242	79.2481269414112
334.16761037677935	79.21748586495605
339.02819019498156	79.18737240960671
343.95946877463007	79.15785648414482
348.9624744528898	79.12900534172226
354.03825052443415	79.10088179993637
359.187855459007	79.07354269829449
364.4123631221491	79.04703760878753
369.71286299913527	79.02140780512492
375.0904604221685	78.99668548882784
380.54627680087896	78.97289326589645
386.08144985617537	78.95004386594438
391.6971338574982	78.92814009608092
397.3944998635236	78.90717502377039
403.1747359663683	78.88713238561431
409.0390475393468	78.86798722159917
414.9886574883323	78.84970673591444
421.0248065067734	78.8322513851148
427.1487533344206	78.81557619146948
433.3617750198154	78.79963227335763
439.6651671865984	78.7843685754318
446.06024430368984	78.76973376929564
452.54833995940066	78.75567828138072
459.13080713953053	78.74215638970688
465.8090185095106	78.72912831670733
472.58436670065066	78.71656223284646
479.45826460054917	78.70443607684798
486.432145647728	78.6927390942419
493.50746413055253	78.68147299754753
500.6856954904994	78.67065265924184
507.9683366298358	78.66030626278467
515.3569062237735	78.65047485706226
522.8529450371643	78.64121128501242
530.4580162458005	78.63257848701006
538.1737057623901	78.62464721271526
546.0016225672724	78.6174932102101
553.9433990439449	78.61119399678809
562.0006913194694	78.60582534977809
570.1751796098309	78.60145768592045
578.4685685703187	78.5981525212836
586.8825876510039	78.59595921738216
595.4189914573883	78.59491221981557
604.0795601162986	78.59502898049435
612.8660996471021	78.59630872138624
621.780442338323	78.59873214630535
630.8244471297356	78.60226213932116
640.0000000000159	78.60684540791924
649.3090143600314	78.61241494213164
658.7534314518515	78.61889307468269
668.3352207535618	78.62619484912763
678.0563803899662	78.63423133953134
687.9189375492632	78.64291252155587
697.9249489057827	78.6521492744325
708.0765010488715	78.6618540985034
718.3757109180171	78.67194016560813
728.8247262443015	78.68231838164245
739.425725998274	78.69289223518723
750.1809208443404	78.70355033757741
761.0925536017613	78.71415673368902
772.1628997123541	78.72453928498493
783.3942677149998	78.73447670188581
794.7889997270506	78.74368513328614
806.34947193274	78.75180560358862
818.0780950786972	78.75839401027045
829.9773149766683	78.7629158344083
842.0496130135506	78.76474813443072
854.2975066688449	78.76319173305461
866.7235500396347	78.7574966916391
879.3303343732008	78.74690409624414
892.1204886073838	78.73070673715512
905.0966799188055	78.70833031704979
918.2616142790653	78.67943524074646
931.6180370190256	78.64403671230954
945.1687334013056	78.6026377409039
958.9165292011028	78.55636578911081
972.8642912954606	78.50709941058972
987.0149282611097	78.45756678650953
1001.3713909810035	78.41139436550752
1015.9366732596762	78.37308197540564
1030.7138124475518	78.34788224392865
1045.7058900743334	78.34156846597357
1060.916032491606	78.36008734137035
1076.3474115247852	78.40911133032655
1092.0032451345498	78.49352780723126
1107.8867980878947	78.6169242340511
1124.0013826389438	78.78114350552522
1140.350359219667	78.98598443681846
1156.9371371406426	79.22910505039485
1173.765175302013	79.5061528579797
1190.837982914782	79.81110518933454
1208.1591202326028	80.13676559539934
1225.73219929421	80.47533944887333
1243.5608846766518	80.81900735327663
1261.648894259477	81.16042680842864
1280.0000000000375	81.49311469085403
1298.6180287200684	81.81168852142295
1317.5068629037087	82.11196761919531
1336.6704415071292	82.39095275282969
1356.112760779938	82.64671357865281
1375.8378750985323	82.87821727775365
1395.8498978115715	83.08513052295973
1416.153002097749	83.2676217616931
1436.7514218360407	83.42618341361998
1457.6494524886093	83.56148545508368
1478.8514519965543	83.67426424712171
1500.3618416886875	83.76524427639731
1522.1851072035295	83.835086262607
1544.3257994247153	83.88435302941467
1566.788535430007	83.9134845332532
1589.5779994541087	83.92277519163407
1612.6989438654878	83.91234974878064
1636.156190157402	83.88213794671356
1659.9546299533442	83.83185285358068
1684.099226027109	83.76098248746784
1708.5950133376978	83.66880898131332
1733.4471000792773	83.55447343508885
1758.6606687464096	83.41710697355637
1784.2409772147755	83.25604811883554
1810.193359837619	83.0711616565934
1836.5232285581387	82.8632626187354
1863.2360740380593	82.63462878555687
1890.3374668026197	82.38955513046105
1917.833058402214	82.1348651730844
1945.7285825909298	81.88025288774955
1974.0298565222283	81.63829662151953
2002.7427819620161	81.4239826648966
2031.8733465193618	81.25362452639601
2061.4276248951132	81.14318335819641
2091.411780148677	81.10618067096433
2121.832064983222	81.1515974978255
2152.694823049581	81.2822790182994
2184.0064902691106	81.49431062815064
2215.7735961758003	81.77757623390923
2248.002765277899	82.11735153942271
2280.7007184393456	82.49649462860741
2313.874274281297	82.89769528870704
2347.530350604038	83.30533622744323
2381.6759658295764	83.70671737816623
2416.318240465218	84.09259885670792
2451.4643985884327	84.45716575796526
2487.1217693533167	84.79759086069471
2523.2977885189675	85.11338116933865
2560.0000000000887	85.40566421840715
2597.236057440151	85.67652261763722
2635.0137258074315	85.9284367507958
2673.340883014273	86.16385527046366
2712.225521559891	86.38488492345583
2751.6757501970797	86.59307558415523
2791.699795623158	86.78927156163971
2832.3060041955137	86.97350388731246
2873.502843672097	87.14490771625391
2915.2989049772345	87.30166129963
2957.7029039931244	87.44095492884944
3000.723683377391	87.55900610294181
3044.370214407075	87.65113730803525
3088.6515988494466	87.71192329510984
3133.57707086003	87.73539807092173
3179.1559989082334	87.71529716966032
3225.3978877309914	87.64531277466916
3272.3123803148205	87.51937024829638
3319.9092599067053	87.33199208402921
3368.198452054235	87.0788723883381
3417.190026675413	86.75779351264089
3466.8942001585724	86.36992375840178
3517.3213374928373	85.92130955299311
3568.4819544295697	85.42403812795894
3620.386719675257	84.89621282773315
3673.0464571162966	84.3598012978682
3726.472148076138	83.8359298762681
3780.6749336052594	83.33848083606404
3835.6661168044484	82.86841598700116
3891.45716518188	82.41180833108868
3948.059713044477	81.94311656887423
4005.4855639240527	81.43263510900442
4063.746693038744	80.85539259385966
4122.855249790247	80.19897986605608
4182.823560297375	79.46892635686166
4243.664129966465	78.69102433958079
4305.389646099183	77.91002502181031
4368.012980538242	77.18393785798398
4431.5471923516225	76.57371011895418
4496.00553055582	76.1299591002643
4561.401436878714	75.88096929350746
4627.748548562617	75.82705631449497
4695.060701208099	75.94376616611511
4763.351931659176	76.1917133109385
4832.63648093046	76.528030807662
4902.928797176889	76.91516706862357
4974.243538706657	77.32544204541402
5046.595577037959	77.74201345313175
5120.000000000202	78.15776168001292
5194.472114880326	78.57337159188161
5270.027451614888	78.99516378317834
5346.6817660285715	79.43240995352846
5424.451043119808	79.89318117644147
5503.351500394186	80.37747774937542
5583.399591246343	80.86693033215793
5664.612008391055	81.31238519156514
5747.005687344222	81.62461343918545
5830.597809954497	81.6783248630539
5915.405807986278	81.34161411306005
6001.447366754812	80.53417906576203
6088.740428814181	79.29357175539603
6177.303197698925	77.80491835545503
6267.154141720092	76.3586854162298
6358.3119978165005	75.24569605601587
6450.795775462017	74.6438013247471
6544.624760629676	74.56668816930316
6639.818519813445	74.90334690118375
6736.396904108505	75.50318587982424
6834.380053350861	76.24345867401595
6933.788400317181	77.05402319901123
7034.642674985712	77.90954899109812
7136.963908859177	78.80866164439259
7240.773439350552	79.75388948216694
7346.092914232631	80.73824065788655
7452.944296152315	81.73908356563405
7561.349867210557	82.71801801261994
7671.332233608935	83.62516742694251
7782.914330363799	84.40646543029771
7896.119426088994	85.01243076422124
8010.971127848146	85.40662469565595
8127.49338607753	85.57177988765753
8245.710499580537	85.5118196237142
8365.647120594791	85.24885417175932
8487.328259932974	84.81574233792783
8610.77929219841	84.2466392238849
8736.025961076528	83.56937321566465
8863.094384703289	82.80335228630398
8992.011061111683	81.96410895854703
9122.802873757471	81.07136305233057
9255.497097125279	80.15473962383301
9390.121402416245	79.25301310818372
9526.7038633184	78.40782520205705
9665.272961860968	77.6565270974338
9805.857594353829	77.0282784265265
9948.487077413367	76.54441615076527
10093.19115407597	76.22144850968886
10240.000000000457	76.07412313127013
10388.944229760706	76.11636347790213
10540.05490322983	76.35869110407569
10693.363532057198	76.80189121083032
10848.902086239672	77.42835949911715
11006.703000788428	78.19457727557602
11166.799182492743	79.02928357363403
11329.224016782166	79.84048894797303
11494.0113746885	80.53026965473343
11661.195619909053	81.01189667865674
11830.811615972614	81.2229732095285
12002.894733509682	81.13154379712087
12177.48085762842	80.73628610015453
12354.606395397908	80.06360554939116
12534.308283440243	79.16362698382936
12716.62399563306	78.1055521327748
12901.591550924093	76.97196099652594
13089.249521259411	75.85160588460528
13279.637039626952	74.83075174045662
13472.793808217073	73.98380693360961
13668.760106701786	73.36464459922523
13867.576800634426	73.00038055787557
14069.285349971487	72.88902085863286
14273.927817718419	73.00122798566176
14481.54687870117	73.28527599177109
14692.18582846533	73.67415685621883
14905.888592304698	74.09480793253347
15122.699734421185	74.48002757581023
15342.664467217943	74.7820512395892
15565.828660727671	74.98316051518296
15792.238852178061	75.09593430434249
16021.942255696367	75.14774476861749
16254.986772155136	75.15234050484564
16491.42099916115	75.08186574370204
16731.294241189662	74.85684704343538
16974.65651986603	74.36345050136403
17221.558584396902	73.49076307411096
17472.051922153143	72.16840244866741
17726.188769406665	70.38598674191601
17984.022122223458	68.18825757435887
18245.605747515034	65.65252344426305
18510.99419425065	62.86384903811379
18780.242804832582	59.910445546358616
19053.40772663689	56.9201870706633
19330.545923722028	54.121394898046994
19611.71518870775	51.82857517038436
19896.974154826825	50.23750847559184
20186.382308152035	49.15942714187361