20	93.21267592307908
20.290906698750476	93.243358161272
20.586044732869844	93.27404256711563
20.885475648548283	93.30471757796562
21.189261887185914	93.33537036076753
21.49746679841394	93.3660027233831
21.810154653305165	93.39663945224171
22.12739065777668	93.42732654277775
22.449240966187475	93.45812220165023
22.77577269513385	93.48908317270396
23.107053937445478	93.52025165962456
23.44315377638505	93.55164800582705
23.784142300054445	93.58327071111906
24.130090616010463	93.61510222868651
24.481070866093134	93.64711686873007
24.837156241469714	93.6792871686809
25.1984209978975	93.71158610498637
25.56494047120865	93.74398571729313
25.936791093020236	93.77645376624756
26.3140504066728	93.8089508863829
26.69679708340074	93.84142957727231
27.08511093873791	93.87383476858437
27.47907294916184	93.90610442308834
27.878765268980047	93.93816891387951
28.284271247461966	93.96994909994902
28.695675446220072	94.00135507485997
29.11306365684382	94.03228774677677
29.536522918790062	94.06264336827093
29.966141537533712	94.09231957778947
30.402009102982383	94.12122014858953
30.844216508158908	94.14925590212012
31.29285596815558	94.17634313266218
31.74802103936409	94.2024030582943
32.20980663898519	94.22736432286247
32.67830906482211	94.2511670666558
33.153626015361866	94.2737648939016
33.63585661014871	94.29512218387325
34.125101410453844	94.3152076838062
34.62146244024586	94.33398850284212
35.12504320746613	94.35142853826873
35.635948725613716	94.36749192209508
36.15428553564419	94.38214860684309
36.68016172818701	94.39537869654411
37.21368696608603	94.40717416440637
37.754972507267915	94.41753857519045
38.30413122794313	94.42648570583982
38.86127764614443	94.43403740576512
39.4265279456077	94.4402213820418
40.000000000000206	94.44506970722735
40.58181339750116	94.44861844213149
41.1720894657399	94.45090672775585
41.77095129709678	94.45197399883762
42.37852377437204	94.45185794776485
42.9949335968281	94.45059664359972
43.62030930661056	94.44823347433213
44.25478131555359	94.44481982739399
44.89848193237519	94.44041313187019
45.55154539026795	94.43507246588705
46.21410787489121	94.42885472324744
46.88630755277036	94.42181231479287
47.56828460010916	94.41399220725508
48.260181232021196	94.40543535680479
48.962141732186545	94.39617498164915
49.674312482939705	94.38623350394363
50.39684199579528	94.3756216781207
51.129880942417586	94.3643417957831
51.873582186040764	94.35239217896657
52.628100813345895	94.3397708245779
53.393594166801776	94.32647873118665
54.17022187747612	94.31252030961201
54.95814589832399	94.29789974711433
55.75753053796041	94.28261754337815
56.56854249492426	94.26666957090433
57.39135089244048	94.25004870077774
58.226127313687975	94.23273898674891
59.073045837580466	94.2146969235749
59.932283075067765	94.19585440103913
60.804018205965114	94.1761762368627
61.68843301631817	94.15567998415086
62.58571193631152	94.1343868569589
63.49604207872855	94.11230766662572
64.41961327797075	94.08943629233471
65.35661812964459	94.06574292163256
66.3072520307241	94.04118575760533
67.27171322029778	94.01572055925706
68.25020282090806	93.98929996530303
69.2429248804921	93.96187950673308
70.25008641493265	93.93342212733069
71.27189745122783	93.90389642049327
72.30857107128878	93.87327232373555
73.36032345637442	93.8415256057455
74.42737393217246	93.80864472472004
75.50994501453623	93.77463171720315
76.60826245588666	93.73949837103886
77.72255529228926	93.7032657329815
78.85305589121582	93.6659656700334
80.00000000000082	93.62764047646279
81.16362679500274	93.58834348380644
82.34417893148023	93.54813765534104
83.541902594194	93.50709439353686
84.75704754874454	93.4652925493067
85.98986719365665	93.42281949009678
87.24061861322157	93.37977062327822
88.50956263110764	93.33624657184465
89.79696386475084	93.2923497419705
91.10309078053635	93.24817745327698
92.42821574978288	93.20381595784819
93.77261510554118	93.15933093969875
95.13656920021877	93.11476032787786
96.52036246404286	93.07011895994287
97.92428346437356	93.02539819067168
99.34862496587989	92.98057077307115
100.79368399159105	92.93559946325753
102.25976188483567	92.89044128631284
103.74716437208203	92.84504749955535
105.25620162669229	92.79936663885371
106.78718833360406	92.75335130708295
108.34044375495276	92.70696393304605
109.9162917966485	92.66018209076351
111.51506107592134	92.61299434729128
113.13708498984903	92.56539094159255
114.78270178488147	92.51735996445771
116.45225462737648	92.4688970408977
118.14609167516147	92.42001394811973
119.86456615013608	92.37074371816017
121.60803641193078	92.32117390051943
123.3768660326369	92.27143902382977
125.17142387262359	92.22165854263622
126.99208415745765	92.1719234065549
128.83922655594208	92.12229689688976
130.71323625928977	92.07282733406686
132.61450406144883	92.02356116816856
134.5434264405962	91.9745417610833
136.50040564181674	91.92580917654135
138.48584976098482	91.8774018061299
140.50017282986593	91.8293522679988
142.5437949024563	91.78168082573087
144.61714214257822	91.73439365605819
146.7206469127495	91.68748725837521
148.8547478643456	91.64094410266371
151.01989002907314	91.59472837811813
153.216524911774	91.54878746737118
155.4451105845792	91.50305892876534
157.70611178243232	91.45747987562942
160.00000000000236	91.41199193070663
162.3272535900062	91.3665399103133
164.6883578629612	91.32107780415787
167.08380518838874	91.27556683894674
169.51409509748981	91.22996996350855
171.97973438731407	91.18424239580078
174.4812372264439	91.13833423458193
177.01912526221608	91.09219845181477
179.5939277295025	91.04579674920146
182.20618156107355	90.99910685162052
184.85643149956664	90.95213102864996
187.54523021108326	90.9049042983665
190.27313840043846	90.85748443103827
193.04072492808663	90.80995754228614
195.84856692874806	90.76245105649794
198.69724993176072	90.71513138504125
201.58736798318304	90.66819310787773
204.5195237696723	90.62185059954201
207.49432874416505	90.57632565368564
210.5124032533856	90.53183790433594
213.57437666720915	90.48859892390678
216.68088750990657	90.44679908549104
219.83258359329807	90.40658674145608
223.03012215184378	90.36806018685586
226.2741699796992	90.33128240270473
229.5654035697641	90.2963080076247
232.90450925475412	90.26319969917967
236.2921833503241	90.23203887654348
239.72913230027333	90.20293022352362
243.21607282386276	90.17593028849102
246.75373206527502	90.15088623798421
250.34284774524843	90.12760053362916
253.9841683149166	90.10588117597067
257.67845311188546	90.08554720737742
261.42647251858085	90.0664442816966
265.22900812289896	90.04845706063709
269.08685288119375	90.0315110849769
273.0008112836349	90.01556311517385
276.97169952197106	90.0005995071048
281.00034565973334	89.98662463632353
285.0875898049141	89.97365173970661
289.23428428515797	89.961675432229
293.44129382550057	89.95063495601114
297.7094957286928	89.94041540581401
302.0397800581479	89.93087655613986
306.4330498235497	89.92193585315685
310.89022116916016	89.91357666031263
315.41222356486645	89.90578175490435
320.00000000000654	89.89848515262752
324.6545071800142	89.89157743397381
329.3767157259242	89.8849284546322
334.16761037677935	89.87841372320034
339.02819019498156	89.8719042624419
343.95946877463007	89.86526503966618
348.9624744528898	89.85837244350044
354.03825052443415	89.85113781905982
359.187855459007	89.8435336217028
364.4123631221491	89.83558450165326
369.71286299913527	89.82733075250792
375.0904604221685	89.8188041116159
380.54627680087896	89.81004534109809
386.08144985617537	89.80112603356359
391.6971338574982	89.79212441684491
397.3944998635236	89.78309478701178
403.1747359663683	89.7740346961178
409.0390475393468	89.76486932197368
414.9886574883323	89.75547889528758
421.0248065067734	89.74572670658672
427.1487533344206	89.73544273991878
433.3617750198154	89.72434886305649
439.6651671865984	89.71196307960567
446.06024430368984	89.69755843548536
452.54833995940066	89.68018395259674
459.13080713953053	89.65871898048228
465.8090185095106	89.63196160356156
472.58436670065066	89.59885134933496
479.45826460054917	89.55905443975779
486.432145647728	89.51394913631053
493.50746413055253	89.46600653076327
500.6856954904994	89.41723973662562
507.9683366298358	89.36875608207484
515.3569062237735	89.32089706607934
522.8529450371643	89.27345084752889
530.4580162458005	89.22584233207789
538.1737057623901	89.17733144173826
546.0016225672724	89.12711798610911
553.9433990439449	89.07445798672265
562.0006913194694	89.01883585747208
570.1751796098309	88.96021558451454
578.4685685703187	88.899363875684
586.8825876510039	88.83822209170438
595.4189914573883	88.77987621570226
604.0795601162986	88.7273716695172
612.8660996471021	88.68204684112175
621.780442338323	88.64323659590464
630.8244471297356	88.60935005385755
640.0000000000159	88.57860680455288
649.3090143600314	88.54931491732194
658.7534314518515	88.51990276457774
668.3352207535618	88.48901736558196
678.0563803899662	88.45562401099802
687.9189375492632	88.4190327764938
697.9249489057827	88.37883327749407
708.0765010488715	88.33482417370034
718.3757109180171	88.28701869436911
728.8247262443015	88.2355125527012
739.425725998274	88.18041044791276
750.1809208443404	88.12192340006018
761.0925536017613	88.06042584978745
772.1628997123541	87.99647307770584
783.3942677149998	87.93069209462035
794.7889997270506	87.8636598399666
806.34947193274	87.79599564970462
818.0780950786972	87.72850626592233
829.9773149766683	87.6622565167247
842.0496130135506	87.59837586070564
854.2975066688449	87.53784965043053
866.7235500396347	87.48165986873109
879.3303343732008	87.4309629049038
892.1204886073838	87.38702341814077
905.0966799188055	87.35102595075871
918.2616142790653	87.32412652747048
931.6180370190256	87.30759981343324
945.1687334013056	87.30288507882136
958.9165292011028	87.31148214032588
972.8642912954606	87.33477796698637
987.0149282611097	87.3738573324864
1001.3713909810035	87.42945256785002
1015.9366732596762	87.50174810895787
1030.7138124475518	87.59046400608777
1045.7058900743334	87.69512725627625
1060.916032491606	87.81516693772558
1076.3474115247852	87.94972729519488
1092.0032451345498	88.0975334324665
1107.8867980878947	88.25714147675956
1124.0013826389438	88.42721215270598
1140.350359219667	88.60650557037597
1156.9371371406426	88.79362474944966
1173.765175302013	88.98677653446626
1190.837982914782	89.18404320862604
1208.1591202326028	89.38384169049166
1225.73219929421	89.58499183597138
1243.5608846766518	89.78662135050924
1261.648894259477	89.9879858054133
1280.0000000000375	90.18835643754389
1298.6180287200684	90.386901674299
1317.5068629037087	90.5826429102573
1336.6704415071292	90.77477126443047
1356.112760779938	90.96299915439066
1375.8378750985323	91.14719287524403
1395.8498978115715	91.32703519593107
1416.153002097749	91.50241440071726
1436.7514218360407	91.67348596043581
1457.6494524886093	91.8407979012815
1478.8514519965543	92.00513644170552
1500.3618416886875	92.16698373811693
1522.1851072035295	92.32673066085384
1544.3257994247153	92.48534835495356
1566.788535430007	92.64403850068037
1589.5779994541087	92.80373059519336
1612.6989438654878	92.96491855845493
1636.156190157402	93.12780485638503
1659.9546299533442	93.29264324904904
1684.099226027109	93.45991957864462
1708.5950133376978	93.63014374947127
1733.4471000792773	93.80353800341993
1758.6606687464096	93.97977007152183
1784.2409772147755	94.15768807128117
1810.193359837619	94.33553506580489
1836.5232285581387	94.51172365406804
1863.2360740380593	94.68529147645928
1890.3374668026197	94.85538991947274
1917.833058402214	95.02070397867999
1945.7285825909298	95.17960937808127
1974.0298565222283	95.33084431607621
2002.7427819620161	95.47372612440927
2031.8733465193618	95.6076109756281
2061.4276248951132	95.73128100466757
2091.411780148677	95.84296881255635
2121.832064983222	95.94177343547945
2152.694823049581	96.02711429410019
2184.0064902691106	96.09826523528733
2215.7735961758003	96.15396354025677
2248.002765277899	96.19261014842195
2280.7007184393456	96.21335788310726
2313.874274281297	96.21685334309392
2347.530350604038	96.20429224060562
2381.6759658295764	96.17649194015094
2416.318240465218	96.13469891837211
2451.4643985884327	96.08175804202656
2487.1217693533167	96.02201011805154
2523.2977885189675	95.96036584864295
2560.0000000000887	95.90182595573293
2597.236057440151	95.85014631876561
2635.0137258074315	95.80724070777985
2673.340883014273	95.77381250064295
2712.225521559891	95.75005355106879
2751.6757501970797	95.73566426499258
2791.699795623158	95.72911547784817
2832.3060041955137	95.7282335972977
2873.502843672097	95.73078452675759
2915.2989049772345	95.73322681430832
2957.7029039931244	95.73025257765096
3000.723683377391	95.71618116365731
3044.370214407075	95.6866906805235
3088.6515988494466	95.6388454123551
3133.57707086003	95.56974272324157
3179.1559989082334	95.47565301226841
3225.3978877309914	95.35421557809076
3272.3123803148205	95.20584571821682
3319.9092599067053	95.03324392849049
3368.198452054235	94.83968571943693
3417.190026675413	94.62789722222492
3466.8942001585724	94.4015462134889
3517.3213374928373	94.16652485336584
3568.4819544295697	93.92965780165817
3620.386719675257	93.69551963379068
3673.0464571162966	93.46637037755919
3726.472148076138	93.24417007429928
3780.6749336052594	93.03189139798783
3835.6661168044484	92.83219625664215
3891.45716518188	92.6446973811209
3948.059713044477	92.46466173105316
4005.4855639240527	92.28561268263682
4063.746693038744	92.10196812358622
4122.855249790247	91.90676539321267
4182.823560297375	91.68864767422629
4243.664129966465	91.43224845515732
4305.389646099183	91.12194091149112
4368.012980538242	90.74766981404841
4431.5471923516225	90.30513429613778
4496.00553055582	89.79932852545441
4561.401436878714	89.24837323681014
4627.748548562617	88.68824522116056
4695.060701208099	88.1740120624841
4763.351931659176	87.78142002681345
4832.63648093046	87.58819027798438
4902.928797176889	87.61093406005085
4974.243538706657	87.75068143087921
5046.595577037959	87.87255953486172
5120.000000000202	87.87582547091785
5194.472114880326	87.74910205405871
5270.027451614888	87.52663723782332
5346.6817660285715	87.24715350302593
5424.451043119808	86.93852349473727
5503.351500394186	86.61971023997621
5583.399591246343	86.30684195973876
5664.612008391055	86.0138633813048
5747.005687344222	85.74849794944761
5830.597809954497	85.51444162022966
5915.405807986278	85.31510062176181
6001.447366754812	85.1559776529973
6088.740428814181	85.04356976031866
6177.303197698925	84.97826655613088
6267.154141720092	84.9586877938122
6358.3119978165005	84.98528041556607
6450.795775462017	85.06422315623955
6544.624760629676	85.20491503263035
6639.818519813445	85.41189412039255
6736.396904108505	85.68379806539316
6834.380053350861	86.02414272072886
6933.788400317181	86.44445297912688
7034.642674985712	86.9545652714849
7136.963908859177	87.55948381803475
7240.773439350552	88.25760197945495
7346.092914232631	89.03713057638636
7452.944296152315	89.8687095152681
7561.349867210557	90.70138265127201
7671.332233608935	91.46760226243879
7782.914330363799	92.09038954416434
7896.119426088994	92.49111511653754
8010.971127848146	92.61518564566182
8127.49338607753	92.47089734654082
8245.710499580537	92.1257978647259
8365.647120594791	91.674414187193
8487.328259932974	91.1907788377396
8610.77929219841	90.71795977395512
8736.025961076528	90.277539722357
8863.094384703289	89.88135069335813
8992.011061111683	89.53461828311579
9122.802873757471	89.23491129113836
9255.497097125279	88.98892275992911
9390.121402416245	88.79788546626459
9526.7038633184	88.66061205036762
9665.272961860968	88.57619790924242
9805.857594353829	88.54362456902558
9948.487077413367	88.56395392862457
10093.19115407597	88.631905078021
10240.000000000457	88.72197356127026
10388.944229760706	88.84888521876935
10540.05490322983	89.04419619331198
10693.363532057198	89.27447058883259
10848.902086239672	89.46496300040474
11006.703000788428	89.6104120462882
11166.799182492743	89.79132132693623
11329.224016782166	90.08226828804978
11494.0113746885	90.4861450372899
11661.195619909053	90.92013705039304
11830.811615972614	91.19196010685447
12002.894733509682	91.05944788779996
12177.48085762842	90.34892177805546
12354.606395397908	89.07984409227538
12534.308283440243	87.74366971206783
12716.62399563306	86.88243493742682
12901.591550924093	86.74799135790742
13089.249521259411	86.95906049166854
13279.637039626952	87.05036397100916
13472.793808217073	86.77069122993403
13668.760106701786	86.08019737190173
13867.576800634426	85.14988189714158
14069.285349971487	84.35198638623098
14273.927817718419	84.02304611724988
14481.54687870117	84.29503973431525
14692.18582846533	84.98486001688148
14905.888592304698	85.73684179910106
15122.699734421185	86.21308184291479
15342.664467217943	86.17144314509707
15565.828660727671	85.53457630520586
15792.238852178061	84.47283497588838
16021.942255696367	83.335826058896
16254.986772155136	82.38814726718502
16491.42099916115	81.75124469809278
16731.294241189662	81.40528269687294
16974.65651986603	81.22245965549325
17221.558584396902	80.98499678144648
17472.051922153143	80.42763237910397
17726.188769406665	79.3508257364341
17984.022122223458	77.64816717461599
18245.605747515034	75.4062041022494
18510.99419425065	72.90255003891346
18780.242804832582	69.80944357179796
19053.40772663689	64.34326069990549
19330.545923722028	53.69508300804905
19611.71518870775	38.92285861482263
19896.974154826825	27.78971854286117
20186.382308152035	23.39869081169607